Wavelength,Transmittance,Absorbance
181.6524,1.1683532852243799,-0.06757418406421233
181.8886,1.1493808960223693,-0.060463974404588804
182.1248,1.1534173919666535,-0.06198649569478533
182.36100000000002,1.1887903094260404,-0.07510525622475174
182.59720000000002,1.2307489971723546,-0.09016949057707836
182.8334,1.2508281504762324,-0.09719764668259874
183.0696,1.2200755052187429,-0.08638670812161023
183.3058,1.1765069806768267,-0.07059450835898587
183.542,1.12071284685997,-0.049494350329573764
183.7782,1.1057579925482528,-0.04366008718435691
184.0144,1.1272102517428098,-0.052004929937252684
184.25060000000002,1.1859112948930544,-0.07405220540327516
184.48680000000002,1.2247135136716323,-0.08803450993926049
184.723,1.2085030087904587,-0.08224773600098549
184.9592,1.1659950915240889,-0.06669672218243808
185.1954,1.1378815522437016,-0.056097056536866946
185.4316,1.1310673361658297,-0.05348846067677926
185.6678,1.1334732096175129,-0.0544112597490112
185.904,1.1297858799860403,-0.05299614264099954
186.1402,1.111953468888843,-0.04608661401975679
186.37640000000002,1.097709325580916,-0.04048735376728729
186.61260000000001,1.1110437865206884,-0.045731174935101856
186.8488,1.148222093414339,-0.060025899051041436
187.085,1.1551588063394551,-0.06264169329823742
187.3212,1.1400887666437456,-0.05693866656694891
187.5574,1.1325629056911573,-0.05406233327721629
187.7936,1.1428511906001957,-0.057989685068492836
188.0298,1.1394705705264192,-0.05670311299771927
188.26600000000002,1.1152068958372183,-0.04735544620478859
188.50220000000002,1.0990067198512474,-0.0410003479152046
188.7384,1.1119366126148689,-0.04608003043288488
188.9746,1.1270431481911845,-0.0519405430759421
189.2108,1.1557575365970985,-0.06286673411692044
189.447,1.176958131380092,-0.07076101370663787
189.6832,1.1911533425501257,-0.07596767377210248
189.9194,1.1663684637881109,-0.06683576870027301
190.1556,1.1373865788158444,-0.05590809926289666
190.39180000000002,1.1363786895526389,-0.05552308082661575
190.62800000000001,1.1695893645865223,-0.0680334104667379
190.8642,1.15521096181911,-0.06266130127383608
191.1004,1.0844820489983742,-0.03522236770523964
191.3366,1.0166774140525234,-0.0071831756163384395
191.5728,1.01280615505318,-0.005526331987566337
191.809,1.0636540620992554,-0.026800403005805315
192.0452,1.1210738665166702,-0.04963422879810362
192.28140000000002,1.1550506448613391,-0.06260102691354215
192.51760000000002,1.1569611348006494,-0.06331877016599706
192.7538,1.1189698871734386,-0.04881839929834228
192.99,1.0692104961613387,-0.029063213461394535
193.2262,1.051434887301149,-0.02178238309805092
193.4624,1.0767733112364168,-0.03212428264662189
193.6986,1.1094282098079116,-0.04509920463651637
193.9348,1.101642516141244,-0.04204068847728501
194.171,1.060421462964095,-0.025478509284122486
194.40720000000002,1.0337436572697831,-0.014412857872637816
194.6434,1.0336904085802507,-0.014390486555051832
194.8796,1.0552268629709904,-0.023345838538660284
195.1158,1.0695172915813622,-0.029187810485538444
195.352,1.0893224845564864,-0.037156467938100714
195.5882,1.1171054734457626,-0.04809417971629153
195.8244,1.134106972095799,-0.05465402034159648
196.0606,1.1158825182079488,-0.04761847383118532
196.29680000000002,1.0626797806935464,-0.0264024174595887
196.53300000000002,1.0266806986888004,-0.011435397483513417
196.7692,1.0207302618016907,-0.008910990580349894
197.0054,1.0449864814167993,-0.01911067218481178
197.2416,1.0730564766566666,-0.030622580171798974
197.4778,1.0960383261370474,-0.03982574077135379
197.714,1.1273764929137304,-0.05206897504307789
197.9502,1.1566150954843772,-0.06318885616987968
198.1864,1.1688388937829883,-0.06775465456406915
198.42260000000002,1.173186010220911,-0.0693668755494911
198.6588,1.1663049784061368,-0.06681212942819921
198.895,1.1480204369125968,-0.05994961938544424
199.1312,1.1154944502934847,-0.04746741396283163
199.3674,1.1041207905442028,-0.04301658770226166
199.6036,1.121718426933439,-0.04988385426790777
199.8398,1.1378152919690014,-0.056071766286319755
200.07600000000002,1.1567701450719587,-0.06324707144611501
200.31220000000002,1.1473803430750598,-0.05970740527523572
200.54840000000002,1.153487266993542,-0.06201280483460346
200.7846,1.1723223561377127,-0.06904704704242841
201.0208,1.210276250593905,-0.08288451115547377
201.257,1.2204115378968765,-0.08650630485471852
201.4932,1.198284460402953,-0.07855992733430171
201.7294,1.1971839566247082,-0.07816088825832591
201.9656,1.2009069784873703,-0.07950936852345283
202.2018,1.2078000000000004,-0.0819950252722983
202.43800000000002,1.205816111685778,-0.0812810824564197
202.6742,1.2035773502956675,-0.08047400630785356
202.9104,1.1867671509369582,-0.07436551677839644
203.1466,1.1946907175120223,-0.07725548933204712
203.3828,1.2446478330803563,-0.09504648734720632
203.619,1.2967717664762175,-0.11286354641397495
203.8552,1.3097851761107513,-0.11720007086165399
204.09140000000002,1.30619827051248,-0.11600910439228984
204.32760000000002,1.2825686316746852,-0.10808061398666062
204.56380000000001,1.2135896681083613,-0.08407187042977277
204.8,1.1211714920182683,-0.049672046440586405
205.0362,1.080018243891315,-0.0334310917410292
205.2724,1.1137600875393245,-0.046791650551395815
205.5086,1.1976091551862384,-0.07831510733471751
205.7448,1.2417197935640563,-0.09402360402219623
205.981,1.2135215897206042,-0.0840475072547826
206.2172,1.1594058692047016,-0.06423549454843518
206.45340000000002,1.1348124557678703,-0.05492409399160326
206.6896,1.1524623454531109,-0.061626744535365534
206.9258,1.204219597355323,-0.0807056905957783
207.162,1.2428658583085495,-0.09442425805427822
207.3982,1.234652582481652,-0.0915447691444015
207.6344,1.1938057813708054,-0.07693367776503642
207.8706,1.1975570614765636,-0.07829621594379874
208.10680000000002,1.2127900396151674,-0.08378562153506476
208.34300000000002,1.2117973629424015,-0.08343000306989404
208.57920000000001,1.2228421675543162,-0.08737040619111629
208.8154,1.2613365524499338,-0.10083098139497024
209.0516,1.278179340923262,-0.10659179381374502
209.2878,1.2464154266489043,-0.09566281554273241
209.524,1.1809432076063722,-0.07222901258707388
209.7602,1.1473179291349345,-0.059683780356765866
209.9964,1.1255011972060474,-0.05134596129984713
210.2326,1.1401805046412423,-0.05697361095410256
210.46880000000002,1.1627704868946684,-0.06549400010092589
210.705,1.2071800223855769,-0.08177203969041605
210.9412,1.2736788642081125,-0.10505994206289247
211.1774,1.3516712741894954,-0.13087108423564747
211.4136,1.4068591297018231,-0.148250613244249
211.6498,1.395109701295269,-0.14460835871643152
211.886,1.350162515410945,-0.1303860464937414
212.12220000000002,1.2887533239480689,-0.11016979842382732
212.35840000000002,1.215379632628511,-0.08471195415119866
212.5946,1.1401751469752246,-0.05697157021560133
212.8308,1.0874139224108543,-0.03639488907354719
213.067,1.0730038022813688,-0.03060126092857116
213.3032,1.1064229364149176,-0.04392117022416093
213.5394,1.1479261110875743,-0.05991393459533709
213.7756,1.2088747713928198,-0.08238131416934612
214.0118,1.2397684650622238,-0.09334058537606314
214.248,1.2410353708529545,-0.09378415953849491
214.48420000000002,1.2091684932848248,-0.08248682245317439
214.7204,1.1746499250762157,-0.06990845532213791
214.9566,1.1621651056414728,-0.06526783147544092
215.1928,1.1517242380050643,-0.06134850664872558
215.429,1.153918729155696,-0.0621752224053909
215.6652,1.1492495729127716,-0.0604143510286896
215.9014,1.1452401620370372,-0.0588965697418307
216.13760000000002,1.1215879139903477,-0.04983332077630973
216.37380000000002,1.0848423738579307,-0.0353666403626516
216.61,1.059028890312934,-0.024907807824525893
216.8462,1.0652213080295478,-0.02743984521254481
217.0824,1.1047393364928912,-0.04325981822288413
217.3186,1.1724142898300205,-0.06908110314451507
217.5548,1.240477100810412,-0.09358875161228294
217.791,1.2814196338209591,-0.10769137393614216
218.0272,1.3114986195993303,-0.11776783781565246
218.2634,1.316451876732017,-0.11940498797552551
218.49960000000002,1.2782858960335746,-0.10662799715872712
218.7358,1.2168202473653291,-0.08522642757837115
218.972,1.1474118930948154,-0.05971934709660735
219.2082,1.1149213398412137,-0.047244228031741026
219.4444,1.1035596695036345,-0.04279582044789105
219.6806,1.1330922394398777,-0.05426526507010741
219.91680000000002,1.1927185141259073,-0.0765379606978574
220.15300000000002,1.2486464609440033,-0.09643949057941516
220.38920000000002,1.2654719733277768,-0.10225253119014213
220.6254,1.2528709390196575,-0.09790633567217587
220.8616,1.2358653011110117,-0.09197113889839725
221.0978,1.2159120035737567,-0.08490214586995289
221.334,1.194374819936618,-0.07714063892506268
221.5702,1.1542483660130722,-0.06229926842395111
221.8064,1.0887454618797907,-0.036926357788695394
222.0426,1.036622170632618,-0.015620493024099364
222.2788,1.0357221041787397,-0.015243244973574469
222.51500000000001,1.0925344745601524,-0.03843514987588532
222.7512,1.160995527902003,-0.06483054686068988
222.9874,1.2097368343500432,-0.08269090434938219
223.2236,1.2318984767084529,-0.09057491820010392
223.4598,1.2274183732576645,-0.08899261996200462
223.696,1.1736891285584874,-0.06955308189467797
223.93220000000002,1.1157484582192865,-0.04756629538949394
224.16840000000002,1.107949237263286,-0.044519862845956056
224.40460000000002,1.1610610847248792,-0.06485506905905404
224.6408,1.2258812299720465,-0.08844839541371209
224.877,1.2554955873155595,-0.09881519063884911
225.1132,1.203127865437234,-0.08031178553007794
225.3494,1.1357862826302612,-0.05529661922157444
225.5856,1.0874807233982897,-0.03642156742350212
225.8218,1.088252772714222,-0.03672978235179057
226.058,1.1287598326129076,-0.052601546471887216
226.2942,1.1648109116972887,-0.06625543036501635
226.53040000000001,1.2028097563811853,-0.0801969421465774
226.7666,1.2205585990643943,-0.08655863474820262
227.0028,1.2322341764325049,-0.0906932499290783
227.239,1.2258872864886983,-0.08845054105816731
227.4752,1.2149675448644521,-0.08456467688533058
227.7114,1.2043006027581864,-0.08073490371965376
227.94760000000002,1.186006899525658,-0.07408721551829883
228.18380000000002,1.1535251697822588,-0.0620270752145351
228.42000000000002,1.1061476238624877,-0.04381309075760496
228.6562,1.087527942143327,-0.036440424213123435
228.8924,1.0978663525099812,-0.040549474995537356
229.1286,1.1363966142684405,-0.05552993113438653
229.3648,1.1810208171844778,-0.07225755274363214
229.601,1.2438699517249505,-0.09477497665655006
229.8372,1.298420826029462,-0.1134154727432673
230.0734,1.2789218263128628,-0.10684399917878193
230.3096,1.19544622243452,-0.07753004400239713
230.5458,1.1410197519522278,-0.05729316246344824
230.782,1.1308181585376829,-0.053392773720380204
231.0182,1.1425842486659334,-0.057888232708409454
231.2544,1.1601283410601309,-0.06450603640886689
231.4906,1.204657571409194,-0.08086361456083171
231.7268,1.2580637970620365,-0.09970266496416381
231.96300000000002,1.274043758854085,-0.10518434472028615
232.19920000000002,1.270485442688514,-0.1039696932382028
232.43540000000002,1.2646815915995637,-0.10198119711850012
232.6716,1.2560044547999005,-0.09899117976071856
232.9078,1.2219995309268463,-0.08707103919956215
233.144,1.172800011007685,-0.06922396137326083
233.3802,1.1379103350127815,-0.05610804189792387
233.6164,1.1257852761148404,-0.05145556432427851
233.8526,1.1404316273259882,-0.05706925299263946
234.0888,1.1713297420692923,-0.06867917090698963
234.325,1.1980824368972396,-0.07848670174096474
234.5612,1.236782103678211,-0.09229319234880358
234.7974,1.2688416793120896,-0.1034074360500982
235.0336,1.2600399457878602,-0.10038431333998604
235.2698,1.1876555804937772,-0.07469051372774732
235.506,1.1047544917947725,-0.043265776025430976
235.7422,1.0647209914595779,-0.02723581646529549
235.97840000000002,1.0735037692559821,-0.03080357365740962
236.21460000000002,1.1001661019201383,-0.04145825943229798
236.45080000000002,1.1466281427825367,-0.059422596871038014
236.687,1.1816744678364988,-0.07249785193101134
236.9232,1.1788533175339317,-0.07145977002410837
237.1594,1.1644739489036415,-0.06612977713523427
237.3956,1.19097136594054,-0.07590132003566664
237.6318,1.261174159755566,-0.10077506389117406
237.868,1.3026712542058776,-0.11483482975859041
238.1042,1.2675738481476522,-0.10297327049749358
238.3404,1.2530621026314426,-0.09797259546485197
238.5766,1.279857397504457,-0.10716158298613913
238.8128,1.310059864139246,-0.11729114151173023
239.049,1.3061472148018571,-0.11599212867945201
239.2852,1.2900852853957385,-0.1106184217352463
239.5214,1.2916035938335484,-0.11112924475322834
239.7576,1.2737084727732102,-0.10507003776860076
239.99380000000002,1.2409560029508038,-0.09375638422684811
240.23000000000002,1.233647243893625,-0.09119099281568906
240.46620000000001,1.2787125516060458,-0.1067729281520863
240.7024,1.3433802238891046,-0.12819895069257375
240.9386,1.382285318341444,-0.14059769527551763
241.1748,1.3440792540792548,-0.12842487779108536
241.411,1.2549101576824355,-0.09861263464619818
241.6472,1.163992869875223,-0.06595032001891263
241.8834,1.122413918903681,-0.050153043681014156
242.1196,1.1428341320017725,-0.057983202588082206
242.3558,1.2163858605880415,-0.08507136321142314
242.592,1.290003707823508,-0.11059095858217548
242.8282,1.3512478552487912,-0.13073501763344503
243.0644,1.3904417670682736,-0.14315280494379914
243.3006,1.3924285942237118,-0.14377293316012732
243.5368,1.3336477987421387,-0.12504115247527703
243.773,1.23692972972973,-0.09234502795776184
244.00920000000002,1.1628263572316622,-0.06551486715630085
244.24540000000002,1.1421470767977187,-0.05772203256906693
244.48160000000001,1.1610787522039505,-0.0648616775229785
244.7178,1.1950158117146619,-0.07737365163980277
244.954,1.2098493356784135,-0.08273129035154934
245.1902,1.2110828651385364,-0.08317385960976816
245.4264,1.2258595211577243,-0.08844070453671811
245.6626,1.2460047565068575,-0.09551970020496339
245.8988,1.2746444298414572,-0.1053890524607168
246.135,1.2937270275020445,-0.11184265117380415
246.3712,1.3038450618847022,-0.11522598651371496
246.60739999999998,1.2963132271262374,-0.1127099524423166
246.8436,1.2669973737963234,-0.10277571468853434
247.0798,1.2276310097299519,-0.08906785009581508
247.316,1.2307413730663774,-0.09016680024995347
247.5522,1.2578980141492802,-0.09964543150061336
247.78840000000002,1.3023019765540862,-0.11471169970439736
248.02460000000002,1.3006370118634734,-0.11415610844426324
248.26080000000002,1.2762146389034923,-0.10592372191820545
248.497,1.2496864168392305,-0.09680104939075071
248.7332,1.2353831640376476,-0.09180167842034928
248.9694,1.2236053279850019,-0.08764135937953237
249.2056,1.23497570823258,-0.09165841517924592
249.4418,1.2621331531937259,-0.10110517475503081
249.678,1.3108333333333337,-0.11754747657566215
249.9142,1.3152848668781905,-0.1190198233314597
250.1504,1.2424507403521046,-0.09427917920227467
250.3866,1.1450545531850695,-0.05882617801465022
250.62279999999998,1.082425425405488,-0.034397984978717364
250.859,1.0842966076576945,-0.03514809903709039
251.0952,1.1084977290374007,-0.04473480771885543
251.3314,1.130383346132293,-0.05322575045397833
251.5676,1.1260813546843367,-0.0515697676149391
251.80380000000002,1.1179912434679096,-0.04843840200437553
252.04000000000002,1.1313852285667807,-0.0536105042666716
252.27620000000002,1.1799423072873898,-0.07186077320505413
252.5124,1.2347276030380636,-0.09157115715373267
252.7486,1.254813397413077,-0.09857914693319063
252.9848,1.2347881538164944,-0.0915924543403408
253.221,1.1885618154381559,-0.07502177370034654
253.4572,1.1536624991170448,-0.062078775709623016
253.6934,1.1335772017837238,-0.05445110290710871
253.9296,1.1289944052134193,-0.05269178976291306
254.1658,1.1442374343957336,-0.058516151859608984
254.402,1.1882402431152406,-0.07490425690022053
254.63819999999998,1.2520633202543636,-0.09762629288534164
254.8744,1.255437416696959,-0.09879506809584918
255.1106,1.195119818086409,-0.07741144815042579
255.3468,1.1299325599837193,-0.05305252339407063
255.583,1.1158141048273764,-0.047591846956032524
255.81920000000002,1.1255125616635102,-0.0513503464539996
256.0554,1.1258985629871159,-0.05149926483203938
256.2916,1.1149979977330267,-0.047274087496934104
256.5278,1.1160872487322053,-0.04769814635948576
256.764,1.1706946574228063,-0.06844363641441083
257.0002,1.2318461996746182,-0.09055648802140423
257.2364,1.30049782861985,-0.11410963141139598
257.4726,1.292633164120376,-0.11147529409764849
257.7088,1.2435834444678415,-0.09467493174995735
257.945,1.1761621030550538,-0.0704671819532653
258.1812,1.1358220522515088,-0.05531029635850896
258.4174,1.112479842003936,-0.04629215036238792
258.6536,1.112561382623669,-0.0463239813602364
258.88980000000004,1.1141959030400206,-0.04696155720152232
259.126,1.1472442020080065,-0.059655871516148436
259.36220000000003,1.176265728253663,-0.0705054435750437
259.59839999999997,1.1909377967187051,-0.0758890786554879
259.8346,1.1805369078276438,-0.07207956923373955
260.0708,1.1554504221011743,-0.06275131557037607
260.307,1.124696625556334,-0.051035392123108626
260.5432,1.1082243755201062,-0.04462769828504095
260.7794,1.0870150040214106,-0.03623553867574589
261.0156,1.1036835213111986,-0.042844558309563144
261.2518,1.107955225878259,-0.04452221025982727
261.488,1.1158251594005548,-0.047596149569101014
261.7242,1.1156990976881347,-0.04754708184692173
261.9604,1.1112197964577828,-0.04579996978480878
262.1966,1.101586781149887,-0.04201871582175596
262.4328,1.1037783133191899,-0.0428818569349605
262.669,1.1452593867046172,-0.058903860000456804
262.90520000000004,1.2044154325510485,-0.08077631162719028
263.1414,1.2250332289531194,-0.08814786907218829
263.37760000000003,1.2138314965262849,-0.0841584023833943
263.61379999999997,1.188433328056567,-0.07497482252249053
263.85,1.156006472926315,-0.06296026587370576
264.0862,1.1289043931050122,-0.05265716308962239
264.3224,1.117090846716268,-0.048088493279651555
264.5586,1.13635751115272,-0.05551498691565704
264.7948,1.1576696763360301,-0.06358465765625783
265.031,1.1640895503129105,-0.06598639071834805
265.2672,1.147038059174636,-0.05957782820232232
265.5034,1.1378646842893765,-0.05609061850843749
265.7396,1.1562461860969324,-0.06305031321970435
265.9758,1.1802034720244228,-0.07195688794984516
266.212,1.2151422578880178,-0.08462712418881949
266.4482,1.2348766369847544,-0.09162357415212755
266.6844,1.2677065834733225,-0.10301874571895309
266.92060000000004,1.2490306441525956,-0.0965730936368375
267.1568,1.2076118040307553,-0.08192734946563991
267.39300000000003,1.1749423565522612,-0.07001656035638593
267.62919999999997,1.1758446278820263,-0.07034993933247607
267.8654,1.1717599530852938,-0.06883865116315685
268.1016,1.1626253603770438,-0.06543979200045301
268.3378,1.157901183862577,-0.0636714979627771
268.574,1.1778389429502325,-0.0710859093220766
268.8102,1.1719313919437297,-0.06890218764418132
269.0464,1.1447259755852124,-0.058701537737836366
269.2826,1.1206198130484808,-0.049458296715841045
269.5188,1.1116863157469008,-0.04598225976532356
269.755,1.116371292491977,-0.047808660069707624
269.9912,1.1321972146318744,-0.0539220821229479
270.2274,1.1703387209310694,-0.06831157400394729
270.4636,1.2280421254907263,-0.08921326465073696
270.6998,1.2869751438851755,-0.10957015919828486
270.93600000000004,1.3208445707899024,-0.12085171540427894
271.1722,1.3168973681446112,-0.1195519297185906
271.40840000000003,1.3050909466886182,-0.11564077701434884
271.6446,1.2912105514013583,-0.11099706632212711
271.8808,1.2462024409917758,-0.0955885975913638
272.117,1.169752626083992,-0.06809402885246883
272.3532,1.0981989047303051,-0.04068100623747941
272.5894,1.0823589188177327,-0.03437130015520738
272.8256,1.1083160388235545,-0.04466361810553749
273.0618,1.143392422814822,-0.05819530984728046
273.298,1.149261267590174,-0.0604187703542582
273.5342,1.1494733346328505,-0.06049890100231137
273.7704,1.157349225885859,-0.06346442549488067
274.0066,1.1628112155968242,-0.06550921199443553
274.2428,1.1776830135039094,-0.07102841098459116
274.479,1.2196042860408691,-0.08621894193196879
274.7152,1.2801835276888445,-0.10727223476426812
274.95140000000004,1.313695760273247,-0.11849479830342624
275.1876,1.3103070446438136,-0.11737307593787977
275.4238,1.3013001233932326,-0.11437747096728006
275.66,1.3117184447049635,-0.11784062541061198
275.8962,1.308639590476651,-0.11682005493946265
276.1324,1.2558360792685757,-0.09893295587010158
276.3686,1.1701421490490647,-0.06823862311172021
276.6048,1.1422001119685923,-0.05774219840215449
276.841,1.2105962317621275,-0.08299931774482866
277.0772,1.307748486347681,-0.11652422602600382
277.3134,1.31660419104012,-0.11945523321291904
277.5496,1.2503215273124941,-0.09702170867346724
277.7858,1.1784009764582926,-0.07129309370412013
278.022,1.1293064027071333,-0.052811790420287406
278.2582,1.0843315504396225,-0.035162094481462264
278.4944,1.0695625557285637,-0.02920619032244386
278.7306,1.0982014074774757,-0.040681995974441075
278.96680000000003,1.1599426738741747,-0.0644365262654408
279.203,1.227522437168584,-0.08902943908376329
279.4392,1.2871988736688997,-0.10964565107264214
279.6754,1.2662934549727007,-0.10253436216382354
279.9116,1.226892685491695,-0.08880657728526895
280.1478,1.196151843848727,-0.07778631406693287
280.384,1.192094475478431,-0.07631067533128115
280.6202,1.1829441581302624,-0.07296424387705056
280.8564,1.1722799487190387,-0.06903133665275103
281.0926,1.1892653530164101,-0.07527876672407574
281.3288,1.2075828895125709,-0.08191695078786163
281.565,1.228658604485424,-0.08943122643009359
281.8012,1.242053662419198,-0.09414035976092228
282.0374,1.2521454812088022,-0.09765479054826219
282.2736,1.2251617349547588,-0.08819342417966071
282.5098,1.1777811468959594,-0.07106459815432097
282.746,1.1521027323801611,-0.06149120661892986
282.98220000000003,1.1754852974333243,-0.07021720148859822
283.2184,1.2128070056446085,-0.08379169694893501
283.4546,1.2367997095595744,-0.09229937458792291
283.6908,1.2215659047996887,-0.08691690259781044
283.927,1.229775662814412,-0.08982589413228367
284.1632,1.2518453833695324,-0.09755069205645567
284.3994,1.237964062021754,-0.09270803733984609
284.6356,1.1759772320562298,-0.07039891350197078
284.8718,1.1186746946404311,-0.0487038140867588
285.108,1.130909065707494,-0.05342768551859573
285.3442,1.186333283553432,-0.07420671506069068
285.5804,1.2309808987861937,-0.09025131400677144
285.8166,1.1920157636028657,-0.07628199869320429
286.0528,1.1109693705368595,-0.045702085592357236
286.289,1.0541764671578253,-0.022913317041551078
286.5252,1.0565654599714545,-0.023896409124922306
286.7614,1.0893693693693698,-0.037175159719122226
286.99760000000003,1.153802269317726,-0.06213138880066123
287.2338,1.2096390118478917,-0.08265578473538729
287.47,1.2993827875754138,-0.11373710953529978
287.7062,1.303102368143582,-0.11497853403460202
287.9424,1.2482200143732451,-0.09629114192229754
288.1786,1.1789958000042216,-0.07151225798886393
288.4148,1.1484980071755402,-0.0601302459625493
288.651,1.1502174617288037,-0.06077995644106627
288.8872,1.1651680604752221,-0.06638857126160151
289.1234,1.190409237127458,-0.075696288176534
289.3596,1.2426390203458724,-0.09434498685541927
289.5958,1.247783363971267,-0.0961391911167179
289.832,1.2063495484621853,-0.08147316599035107
290.0682,1.1599762363652697,-0.06444909222593034
290.3044,1.1503745050331566,-0.06083924817257855
290.5406,1.1568764712745443,-0.0632869884176792
290.7768,1.1404774593804234,-0.05708670621640377
291.01300000000003,1.1292994191760026,-0.05280910477323479
291.2492,1.117427441517528,-0.048219332455772854
291.4854,1.1057313432835825,-0.04364962036599506
291.7216,1.1083913302843509,-0.04469312011958462
291.9578,1.1528091425443103,-0.06175741206408687
292.194,1.2137006861063468,-0.08411159744789976
292.4302,1.237613545527215,-0.0925850540167239
292.6664,1.2486463118868107,-0.09643943873550087
292.9026,1.2639065910722402,-0.1017149786291988
293.1388,1.3044910202205193,-0.11544109387541168
293.375,1.3072227410427537,-0.1163495944388557
293.6112,1.2629440874510673,-0.1013841240715814
293.8474,1.203169070765182,-0.0803266592111149
294.0836,1.1666531850353896,-0.06694177103184161
294.3198,1.1463869931754316,-0.05933124994321128
294.556,1.1250729273542963,-0.05118067437719365
294.7922,1.119584429602645,-0.04905684997215829
295.02840000000003,1.1513219576223517,-0.06119678745829115
295.2646,1.1744926058855591,-0.06985028698573323
295.5008,1.1559375915003975,-0.06293438737287976
295.737,1.1105089617288177,-0.04552206762440237
295.9732,1.0957550066358974,-0.03971346367404673
296.2094,1.1410209502127546,-0.05729361854465151
296.4456,1.1946611676835537,-0.07724474723288186
296.6818,1.2094861090080542,-0.08260088483862321
296.918,1.1624016932475387,-0.06535623391860153
297.1542,1.1440838560350193,-0.05845785739285118
297.3904,1.1699705064942434,-0.06817491385876973
297.6266,1.2032434829885257,-0.08035351812850557
297.8628,1.1927420990425837,-0.07654654838873141
298.099,1.1645276365425616,-0.06614979965946031
298.3352,1.1359415015500742,-0.05535596675514437
298.5714,1.1176576902223025,-0.048308810696116054
298.8076,1.0959030370063136,-0.03977213046589423
299.04380000000003,1.0824032774325913,-0.034389098601331436
299.28,1.07597120819974,-0.031800650245543474
299.5162,1.0899082090670422,-0.03738992365228428
299.7524,1.1258594012781706,-0.05148415866666242
299.9886,1.1466199505358619,-0.05941949398170333
300.2248,1.1537535657134907,-0.06211305623747887
300.461,1.1840139690684914,-0.07335682624971807
300.6972,1.264860318687064,-0.10204256806292408
300.9334,1.3232210626185958,-0.12163240522708366
301.1696,1.315766119127424,-0.11917869915689083
301.4058,1.2836836510633678,-0.10845801008403581
301.642,1.2584589957619732,-0.0998390695431632
301.8782,1.2378153318638259,-0.09265585766089891
302.1144,1.1802374803463316,-0.07196940224428659
302.3506,1.141864935816607,-0.05761473692336801
302.5868,1.104379192169727,-0.04311821541470947
302.823,1.086371741977088,-0.03597846048665791
303.05920000000003,1.073130891700943,-0.03065269687417945
303.2954,1.0770654818576115,-0.032242107703672813
303.5316,1.0895854573562826,-0.03726129810021984
303.7678,1.0923394118942291,-0.03835760339580141
304.004,1.0983975203095562,-0.04075954378706343
304.2402,1.1095089075699003,-0.045130793267374465
304.4764,1.1326843338741661,-0.05410889383710371
304.7126,1.144153752849405,-0.0584843894284072
304.9488,1.1465588507040692,-0.05939635115499944
305.185,1.139791769008242,-0.056825516397060495
305.4212,1.1504089082862565,-0.060852236046965526
305.6574,1.1789666994853751,-0.07150153839959235
305.8936,1.1972197651255279,-0.07817387807635125
306.1298,1.1854791743059903,-0.07389392899034913
306.366,1.1698022292609995,-0.06811244465153693
306.6022,1.1697902769248147,-0.06810800726884125
306.8384,1.1699621550367818,-0.06817181377648868
307.07460000000003,1.1637954839943072,-0.06587666761924292
307.3108,1.1587104469234548,-0.06397492257773899
307.547,1.1581212626894735,-0.06375403517698662
307.7832,1.1612620142081074,-0.06493022015760316
308.0194,1.1494204720011174,-0.06047892796206186
308.2556,1.1381363668281723,-0.05619430055896288
308.4918,1.129250841750842,-0.05279042295945313
308.728,1.131445477599324,-0.05363363089502113
308.9642,1.1450060683943746,-0.0588077883904981
309.2004,1.1708433559297327,-0.06849879583590551
309.4366,1.214287312848287,-0.08432145743240428
309.6728,1.237029509183981,-0.0923800597931538
309.909,1.2349772098931482,-0.09165894325643609
310.14520000000005,1.220577777777778,-0.08656545879086709
310.3814,1.2269593830027996,-0.08883018617466241
310.61760000000004,1.2103639409841394,-0.08291597675927877
310.8538,1.1541880560348197,-0.06227657575586236
311.09000000000003,1.106201900692904,-0.043834400345161645
311.3262,1.107940249946578,-0.04451633997888535
311.5624,1.1428274577242765,-0.05798066625295696
311.79859999999996,1.1868991728146663,-0.07441382716850017
312.0348,1.222820294588979,-0.08736263790068692
312.271,1.2608780931757915,-0.10067309924526857
312.5072,1.25482514438511,-0.09858321257455534
312.7434,1.1831294250298359,-0.07303225561844454
312.9796,1.101516767875704,-0.04199111259932796
313.2158,1.0631229235880397,-0.026583482726062563
313.452,1.089379814916808,-0.03717932398332077
313.6882,1.129791894852136,-0.05299845477487147
313.9244,1.1573254244871158,-0.0634554939449244
314.16060000000004,1.1569520140667298,-0.06331534645546222
314.3968,1.148096870604782,-0.059978533178873805
314.63300000000004,1.1378951914560325,-0.05610226217460736
314.8692,1.127596698990872,-0.05215379581596462
315.10540000000003,1.125333800288929,-0.05128136344384521
315.34159999999997,1.1364494388650477,-0.055550118538445645
315.5778,1.1532504872210985,-0.06192364675950641
315.81399999999996,1.1685500116070962,-0.06764730406261031
316.0502,1.1609823869493123,-0.06482563118668276
316.2864,1.1416106486221789,-0.057518011101933414
316.5226,1.1372391712908285,-0.055851810201021736
316.7588,1.1512914851514948,-0.061185292670935164
316.995,1.1771316750201102,-0.07082504613663343
317.2312,1.2078972598876887,-0.08202999607204026
317.4674,1.1901085588046658,-0.07558657848452151
317.7036,1.1372818582707926,-0.05586811140871229
317.9398,1.0855814548634068,-0.035662415602968074
318.17600000000004,1.1165253463625544,-0.04786858648533253
318.4122,1.1820369813242002,-0.07263106413727663
318.64840000000004,1.1952140860113718,-0.07744570281215553
318.8846,1.1656898973019199,-0.06658303258200846
319.12080000000003,1.1657722266342585,-0.0666137044718764
319.35699999999997,1.1848120883378537,-0.07364947653243249
319.5932,1.1976691424068013,-0.0783368602299087
319.82939999999996,1.18961417623625,-0.07540613088754772
320.0656,1.181936004594383,-0.07259396249791937
320.3018,1.143003858846273,-0.058047696600718256
320.538,1.09392401035565,-0.03898715469445258
320.7742,1.0600237496507408,-0.02531559566733386
321.0104,1.0329167182279422,-0.014065306735386243
321.2466,1.0264598351682401,-0.011341960325149147
321.4828,1.0569373559876822,-0.024049247709415203
321.719,1.129953366566355,-0.05306052042075241
321.9552,1.2086124949894064,-0.0822870797990007
322.19140000000004,1.2455515414866651,-0.09536170354663816
322.4276,1.2257684685357015,-0.08840844544072822
322.66380000000004,1.1827450603490393,-0.07289114292425157
322.9,1.1233770742206484,-0.050525556587425274
323.13620000000003,1.083643495509149,-0.034886428513680755
323.37239999999997,1.066003287798775,-0.02775854415646685
323.6086,1.0771505317319165,-0.032276400170986604
323.84479999999996,1.0645927175094858,-0.02718349099673756
324.081,1.034202770409667,-0.014605696820328152
324.3172,1.0243716063805557,-0.010457532151777811
324.5534,1.0423296931877273,-0.018005109831959135
324.7896,1.0998374361356247,-0.041328498061284275
325.0258,1.146557780119424,-0.05939594563789878
325.262,1.1695647591948573,-0.06802427384276177
325.4982,1.148320065417639,-0.06006295362918311
325.7344,1.1322192694741715,-0.05393054195918069
325.9706,1.1231440215448412,-0.050435449718053145
326.20680000000004,1.0943845682317246,-0.039169960491666635
326.443,1.067148862795364,-0.028225005911025905
326.67920000000004,1.0536667497187553,-0.02270327535186513
326.9154,1.033885755351815,-0.014472551754564566
327.15160000000003,1.0219813436245668,-0.009442967780242645
327.38779999999997,1.0269762628732624,-0.011560405600885362
327.624,1.0720395404996725,-0.03021080392403699
327.86019999999996,1.1395121873175103,-0.05671897441015441
328.0964,1.182828307531773,-0.07292170954509795
328.3326,1.168534113902285,-0.06764139560137933
328.5688,1.1257636959381105,-0.051447239254036756
328.805,1.1062577806645169,-0.04385633824850968
329.0412,1.1426684914403706,-0.0579202520745415
329.2774,1.1580378164518554,-0.06372274178192136
329.5136,1.1233756511186235,-0.05052500641975473
329.7498,1.0690111595426641,-0.028982238887452244
329.986,1.0417971419345633,-0.017783161655182223
330.22220000000004,1.0496108875703771,-0.021028326973669874
330.4584,1.079219091637682,-0.03310961950257748
330.69460000000004,1.0840286008660824,-0.035040740721239146
330.9308,1.1118249998024292,-0.046036435086763
331.16700000000003,1.120583881513849,-0.0494443712817039
331.40319999999997,1.1124810318664642,-0.04629261486559454
331.6394,1.0749429105252228,-0.03138539978441905
331.87559999999996,1.0511719044389176,-0.021673744614672627
332.1118,1.0779319916724495,-0.03259136143227576
332.348,1.1329752883569986,-0.05422043744748004
332.5842,1.1913459223334362,-0.07603788268140435
332.8204,1.217456258293568,-0.08545336650022933
333.0566,1.186114168223661,-0.07412649361779274
333.2928,1.1319539891354145,-0.053828774316294965
333.529,1.1107082134712851,-0.045599983402707565
333.7652,1.1146589259796806,-0.04714199812388616
334.0014,1.1164692679697399,-0.047846773144268336
334.23760000000004,1.1169046240915812,-0.04801608896231867
334.4738,1.1017134981048147,-0.04206867040567494
334.71000000000004,1.1059323022371519,-0.04372854318506042
334.9462,1.0706269877328485,-0.029638186624220825
335.18240000000003,1.0186084142394822,-0.008007259355065577
335.41859999999997,0.9793482188019365,0.009062862215991311
335.6548,0.9900702922678505,0.00433397059402943
335.89099999999996,1.0439255260893372,-0.01866951709333169
336.1272,1.092066841704905,-0.03824922087348068
336.3634,1.1009122841252803,-0.041752717665731666
336.5996,1.110115381208886,-0.04536812006427188
336.8358,1.1229271664777705,-0.050351588654524604
337.072,1.1352134283172983,-0.05507751970242292
337.3082,1.1372841099994206,-0.055868971276776376
337.5444,1.1416618796673241,-0.05753750011162174
337.7806,1.159833496326387,-0.06439564714339789
338.0168,1.1606603212871573,-0.06470513776167346
338.25300000000004,1.1416474210931482,-0.057531999955354005
338.4892,1.1352044247192519,-0.055074075214930324
338.72540000000004,1.1656491016604211,-0.06656783331497926
338.9616,1.1950049589757459,-0.07736970750284582
339.19780000000003,1.1971611250890528,-0.07815260573462075
339.43399999999997,1.1885501210308984,-0.07501750060200131
339.6702,1.1834221715417184,-0.07313970157106156
339.90639999999996,1.1737761660013737,-0.06958528674240834
340.1426,1.1665860262972487,-0.06691677002101291
340.3788,1.1749170739118324,-0.0700072150218657
340.615,1.186163007641782,-0.07414437575231575
340.8512,1.1846201422533758,-0.07357911273437337
341.0874,1.1643809961607543,-0.06609510871295173
341.3236,1.129552743455237,-0.05290651472230972
341.5598,1.095705038628953,-0.03969365876841929
341.796,1.0917643828536354,-0.03812892200654268
342.0322,1.1211431525064817,-0.049661068771935435
342.26840000000004,1.1658148928696874,-0.06662959897605977
342.5046,1.1960257106644938,-0.07774051567220686
342.74080000000004,1.1858500527983102,-0.07402977725818428
342.977,1.1445641374261357,-0.058640134057135536
343.21320000000003,1.1055503703890555,-0.04357853441692159
343.44939999999997,1.1113408377364267,-0.04584727338466632
343.6856,1.1294839992259105,-0.052880082890631765
343.92179999999996,1.154477699371851,-0.062385548224794404
344.158,1.1657361706718448,-0.06660027204715484
344.3942,1.1902580135115706,-0.0756411140802935
344.6304,1.1883429544305812,-0.07494179563023874
344.8666,1.1383214228596918,-0.05626490921586215
345.1028,1.065648163335442,-0.02761384076590159
345.339,1.0139644339853027,-0.006022721866332157
345.5752,0.9953787020373701,0.0020116560237831214
345.8114,1.0277473019133652,-0.01188634532524041
346.0476,1.087426062769148,-0.036399737697493134
346.28380000000004,1.152054440673739,-0.06147300228645707
346.52,1.1840647987436976,-0.07337547009532187
346.75620000000004,1.1922674450625101,-0.07637368567831553
346.9924,1.1926004362267293,-0.07649496386501703
347.22860000000003,1.1853276695786912,-0.07383842242952784
347.46479999999997,1.1554712274136734,-0.06275913550872382
347.701,1.1096582314180958,-0.045189239089004046
347.93719999999996,1.0606573845757885,-0.025575119982646607
348.1734,1.0342126455013545,-0.014609843664134484
348.4096,1.0257534644829924,-0.011042992471322035
348.6458,1.0336628372962862,-0.014378902606822957
348.882,1.0398445092322641,-0.016968402922776623
349.1182,1.0316831683168315,-0.013546345180863013
349.3544,1.0350239778915709,-0.0149504109961966
349.5906,1.034360093782844,-0.014671756860522892
349.8268,1.054563345633456,-0.023072672110393138
350.063,1.0583497536945812,-0.024629213066088992
350.29920000000004,1.0610905197265463,-0.025752434363986693
350.5354,1.0526829268292681,-0.022297579291137497
350.77160000000003,1.0584992714910149,-0.02469056345364417
351.0078,1.0869951065770918,-0.03622758898845624
351.244,1.1138111139652365,-0.04681154710526911
351.48019999999997,1.102600835678349,-0.04241831730192797
351.7164,1.0624115226337447,-0.02629277229231108
351.95259999999996,1.0240819879708767,-0.010334727633905295
352.1888,1.0067271880819364,-0.00291179750233426
352.425,1.023365665168362,-0.010030841912959424
352.6612,1.0761004725192735,-0.03185282209581306
352.8974,1.1398434063517198,-0.056845191311343954
353.1336,1.1549583785740136,-0.06256633376813366
353.3698,1.0915437052377253,-0.03804112947582431
353.606,1.040433631247931,-0.017214381998778894
353.8422,1.0438713392563341,-0.01864697367164068
354.0784,1.0663971702880242,-0.027918983995893775
354.31460000000004,1.066564181398924,-0.027986994608435976
354.5508,1.0554439292460929,-0.023435166240701022
354.78700000000003,1.0765732739809721,-0.0320435942176797
355.0232,1.0850160883555091,-0.035436177845579515
355.2594,1.0789856913047156,-0.033015685434894894
355.49559999999997,1.050821682609762,-0.02152902542029552
355.7318,1.0243571314486501,-0.010451395289501678
355.96799999999996,0.9970356354462313,0.0012893191195546805
356.2042,1.0050095877277083,-0.0021702049180758287
356.4404,1.0448029556650245,-0.01903439251751749
356.6766,1.0879996633846671,-0.03662876099616459
356.9128,1.1025991909802906,-0.04241766948469368
357.149,1.0766446252967108,-0.032072376704323134
357.3852,1.035995398899022,-0.015357826608825497
357.6214,1.012177033492823,-0.005256478852542287
357.8576,1.0119698771304002,-0.005167585240192974
358.0938,1.0021644006876071,-0.0009389714861552924
358.33000000000004,0.98455821008722,0.006758601951123336
358.5662,0.9872147147147143,0.005588379980427611
358.80240000000003,1.0193815653203133,-0.008336775464132407
359.0386,1.0226632683563817,-0.009732657399011625
359.2748,1.0255247370347382,-0.010946140597232212
359.51099999999997,1.0429338679936548,-0.01825677086564919
359.7472,1.0924572979076603,-0.03840447022322452
359.98339999999996,1.137321651624707,-0.05588330705397359
360.2196,1.1608611906176305,-0.06478029230284693
360.4558,1.1515274508212248,-0.061274295403230046
360.692,1.1034207396991553,-0.04274114261995447
360.9282,1.0650060854632453,-0.027352089348049006
361.1644,1.0470024329720247,-0.019947690871867423
361.4006,1.0272353586278171,-0.011669959899874436
361.6368,1.0102989546984646,-0.004449903648510148
361.873,1.0345140358629668,-0.014736387371480857
362.1092,1.080415947311209,-0.033590985898739066
362.34540000000004,1.087953631072362,-0.036610385988504975
362.5816,1.0481022080895857,-0.020403635934848896
362.81780000000003,0.9975053681950234,0.0010847584269754065
363.054,0.9983827665049432,0.0007029241324069084
363.2902,1.0486401027642596,-0.020626462262119935
363.52639999999997,1.1115984531935321,-0.04594793377825534
363.7626,1.1205604431410883,-0.04943528739019087
363.99879999999996,1.0799859508450906,-0.03341810594052535
364.235,1.0401975017018934,-0.017115806371725457
364.4712,1.042641905815753,-0.018135176085725246
364.7074,1.0427356434947632,-0.018174219142251327
364.9436,1.0373565212028708,-0.015928041423730277
365.1798,1.0003448715353531,-0.0001497499839998823
365.416,0.9860865543146601,0.006084962937643867
365.6522,1.025900243593036,-0.011105132936263485
365.8884,1.0947960478833276,-0.039333220976339005
366.1246,1.1183895408793774,-0.048593096921266635
366.36080000000004,1.115522972153153,-0.04747851821163184
366.597,1.1003982866160664,-0.041549905496483575
366.83320000000003,1.1217258225910882,-0.04988671762705545
367.0694,1.1128438919475514,-0.046434246436453615
367.3056,1.0817600870461945,-0.034130953538500666
367.54179999999997,1.0312604675437982,-0.013368369774649693
367.778,0.9940692026455858,0.002583380913589161
368.01419999999996,0.9798988314815223,0.00881876022316614
368.2504,1.0064211136454309,-0.002779739233466371
368.4866,1.0433858493712813,-0.018444942428869626
368.7228,1.079615659620962,-0.03326917528948967
368.959,1.0697754583423518,-0.02929263054839041
369.1952,1.0244513666065531,-0.010491346128388035
369.4314,0.9870655676225899,0.0056539975726249015
369.6676,0.9883357746828181,0.005095484240325267
369.9038,1.024680021586964,-0.010588268753492967
370.14,1.036686525935551,-0.01564745394217231
370.37620000000004,1.0468627642913075,-0.019889752722363437
370.6124,1.044241074310801,-0.018800771804879116
370.84860000000003,1.0549449654813075,-0.023229803888487003
371.0848,1.0549028246928083,-0.023212455232346108
371.321,1.0637844519807091,-0.026853638486603007
371.55719999999997,1.0755004087447086,-0.03161057977744486
371.7934,1.0644119262202407,-0.027109731965994917
372.02959999999996,1.0560639141705304,-0.023690202981505724
372.2658,1.0582963715505778,-0.02460730711752135
372.502,1.0732872323605527,-0.030715963099081794
372.7382,1.0415950415224073,-0.017698903785001125
372.9744,0.9775581634753964,0.009857393190482549
373.2106,0.921760798545465,0.03538176587672797
373.4468,0.9020459432415745,0.044771342293795695
373.683,0.9081304809329429,0.041851747208006905
373.9192,0.9427612401731295,0.025598280968414582
374.1554,0.9837704286329532,0.007106236131789441
374.39160000000004,1.0235978589713752,-0.010129368815489993
374.6278,1.0166628148832908,-0.007176939238827204
374.86400000000003,1.0023804039007909,-0.001032567801595504
375.1002,1.0041686037501936,-0.0018066386364161873
375.3364,1.0164837730562688,-0.007100450039113053
375.57259999999997,1.0060633899862192,-0.002625345584623157
375.8088,0.9776139410187665,0.009832613909670725
376.04499999999996,0.964896884598508,0.015519095819585256
376.2812,0.9685298671842626,0.013886982117494819
376.5174,0.9760825011991452,0.010513473008227426
376.7536,0.967106313208259,0.014525781654512326
376.9898,0.9502819215541513,0.022147532804077285
377.226,0.9274951706374757,0.0326883430293109
377.4622,0.9085151450963775,0.04166782853540652
377.6984,0.9259595762937964,0.033407972471137685
377.9346,0.9735679189885552,0.011633745414593166
378.1708,1.0443806250637537,-0.018858806366198796
378.40700000000004,1.0600705608098062,-0.025334773897261298
378.6432,1.0098713752384345,-0.004266062315838974
378.87940000000003,0.9449560529462354,0.024588388746561655
379.1156,0.9157398182224841,0.03822790139874233
379.3518,0.9245715689686942,0.0340594654619149
379.58799999999997,0.9326062005594385,0.030301701405870612
379.8242,0.9384141011611017,0.027605474879693805
380.06039999999996,0.9769090999073818,0.010145844925271746
380.2966,1.0330440415461282,-0.014118837098259004
380.5328,1.051109163239161,-0.02164782214667409
380.769,1.0167742598835199,-0.007224543316951143
381.0052,0.981810736837568,0.007972222873944886
381.2414,0.9702313759735326,0.013124684985323933
381.4776,0.9504843694899079,0.022055020618735467
381.7138,0.9340752218622341,0.02961814826215181
381.95,0.9420432417240476,0.025929161738839024
382.1862,0.9891652870046314,0.004731132835267832
382.42240000000004,1.0375986112026716,-0.016029381785141003
382.6586,1.0624062003001586,-0.026290596613821264
382.89480000000003,1.0620975703192914,-0.026164415337574947
383.131,1.0401150241306858,-0.017081369667018623
383.3672,1.020424905342869,-0.008781049821113397
383.60339999999997,1.0007034077716315,-0.0003053787234506379
383.8396,1.0094614116833172,-0.004089721978705672
384.0758,1.049473508273441,-0.0209714802163023
384.312,1.105153565851119,-0.04342262930430503
384.5482,1.114379864287727,-0.04703325622662675
384.7844,1.0656441591148358,-0.02761220888190775
385.0206,1.0161366966301033,-0.006952135702624458
385.2568,0.9929650280090044,0.003066046983137235
385.493,0.9996951805392653,0.00013240159008977385
385.7292,1.0280593266034632,-0.012018177376259216
385.9654,1.0716676594899723,-0.03006012488348677
386.2016,1.073201713781299,-0.030681357519438374
386.43780000000004,1.0202774960500627,-0.00871830765693047
386.674,0.9702229361752145,0.013128462820045426
386.91020000000003,0.9646092738876242,0.01564856702655585
387.14639999999997,0.9853955901426715,0.006389385618029871
387.3826,0.9979598552155315,0.0008869286615646263
387.61879999999996,0.9998484758648403,6.581108188459249e-05
387.855,0.9998892883192665,4.8084133811550655e-05
388.0912,1.0091477936330833,-0.003954775016828163
388.3274,1.0141294588731822,-0.006093398474149296
388.5636,1.0041157882417195,-0.001783795772142646
388.7998,0.9719487970349496,0.01235661341827598
389.036,0.9584306428440325,0.018439309515146173
389.2722,0.9524334461043321,0.021165362108497343
389.5084,0.9560731413722604,0.019508882117933595
389.7446,0.9507706637967382,0.02192422697304389
389.9808,0.968032532084832,0.014110047373919753
390.217,1.0070045806699637,-0.0030314460800966877
390.45320000000004,1.0324719415265409,-0.013878258095246376
390.6894,1.018262935970504,-0.007859936052336555
390.92560000000003,0.9741286863270777,0.011383667279408748
391.16179999999997,0.9235568477799988,0.034536367232603754
391.398,0.8812009163247759,0.054925059915973906
391.63419999999996,0.8692590814530323,0.06085076339496311
391.8704,0.8926027945521535,0.04934175780841811
392.1066,0.9302769993467283,0.031387716633339446
392.3428,0.9470051337043405,0.023647666684769215
392.579,0.9466216959343035,0.023823546015743918
392.8152,0.9514170540338662,0.02162906817108677
393.0514,0.9490370150251657,0.022716848576205418
393.2876,0.9380270544303483,0.027784635586426215
393.5238,0.931819433480807,0.030668236401781842
393.76,0.9439702382045021,0.025041698061371645
393.9962,0.9661095122131205,0.014973641851409203
394.2324,1.0002252379075398,-9.780856567509479e-05
394.46860000000004,1.049328373228418,-0.020911416091298145
394.7048,1.0580004870119184,-0.024485867610830565
394.94100000000003,1.0273970842408937,-0.011738328859714837
395.17719999999997,0.9614627080947097,0.017067555921362953
395.4134,0.9277788434152322,0.032555535129159506
395.64959999999996,0.9136048398996607,0.03924160838002667
395.8858,0.9255094112776538,0.033619160654814025
396.122,0.9462956601396998,0.023973151646909142
396.3582,0.9624571793531903,0.0166185835693931
396.5944,0.9788757291850803,0.00927243950928332
396.8306,0.9936101295641928,0.002783989639909885
397.0668,1.0187148023000772,-0.008052616662461546
397.303,1.0338623384430417,-0.014462715126694404
397.5392,1.0262627729277456,-0.011258575416186151
397.7754,1.0025652957249047,-0.0011126672269358353
398.0116,0.9833470024022661,0.007293201765278651
398.2478,0.9794264231638126,0.00902818367552632
398.48400000000004,0.9862098427887902,0.006030667341763492
398.7202,1.0088218586684843,-0.003814483751640763
398.95640000000003,1.0379543006180187,-0.016178232677825158
399.19259999999997,1.0479982379750266,-0.020360552458427075
399.4288,1.0286920112766276,-0.012285367158462157
399.66499999999996,1.0109676454459342,-0.004737256848033476
399.9012,1.0097339099920652,-0.004206941458431411
400.1374,1.016712589662536,-0.007198201335260672
400.3736,1.0138938287914456,-0.005992479667790898
400.6098,1.0130404673346065,-0.005626794214266941
400.846,1.0069794557666727,-0.003020610237646318
401.0822,0.990375090713578,0.004200291286076986
401.3184,0.9610580154003212,0.017250394841627922
401.5546,0.9532059032081988,0.020813276729685953
401.7908,0.9701288941050509,0.01317056029075505
402.027,0.991084124759977,0.0038894803598959883
402.2632,0.9888986000582668,0.004848237920357363
402.49940000000004,0.9687329015827537,0.013795949841805955
402.7356,0.9443186765346103,0.024881420844695804
402.97180000000003,0.9353694233147583,0.029016831030806434
403.20799999999997,0.9437449083139192,0.025145378459055876
403.4442,0.9613659369707782,0.017111269816799606
403.68039999999996,0.9675508615048031,0.014326196034848089
403.9166,0.963525979137501,0.016136571154915322
404.1528,0.9437162295089468,0.02515857613131355
404.389,0.9257800329371965,0.03349219024008252
404.6252,0.9109468127873034,0.04050697932481066
404.8614,0.9144783627887375,0.038826565783653046
405.0976,0.9302792309441937,0.03138667482611072
405.3338,0.9474260927050362,0.023454658702668767
405.57,0.9633787757284148,0.016202925891179717
405.8062,0.9689726171175393,0.013688495810726127
406.0424,0.9655943388035076,0.01520528913440743
406.2786,0.9588244498860228,0.018260900050151383
406.51480000000004,0.9470935960591133,0.023607099937156522
406.751,0.9432119741100322,0.02539069449385827
406.98720000000003,0.9444946410142115,0.024800501886731188
407.22339999999997,0.9554328032050504,0.019799852013960142
407.4596,0.9773658496530772,0.009942839818111539
407.69579999999996,1.017572762218561,-0.007565473523977481
407.932,1.0335803661848888,-0.014344250903960914
408.1682,1.0150452998811132,-0.006485424563904972
408.4044,0.966784509450529,0.014670316801885018
408.6406,0.9317037786033017,0.030722143189574485
408.8768,0.8925998143957958,0.049343207801214296
409.113,0.8144575036916878,0.08913157113900037
409.3492,0.707149877149877,0.15048852973801097
409.5854,0.6042527947629499,0.21878133223628973
409.8216,0.5158433942537395,0.287482126540389
410.05780000000004,0.4485643866921768,0.34817520974777594
410.294,0.39863697086683914,0.3994224259092825
410.53020000000004,0.3703757263086583,0.43135748385739864
410.7664,0.3554069241857852,0.44927411534223993
411.00260000000003,0.348098618522931,0.45829770026945615
411.23879999999997,0.3448842624298042,0.46232662266894387
411.475,0.3436234857333463,0.46391716097634234
411.71119999999996,0.3447191817060843,0.4625345498461042
411.9474,0.34893628657369435,0.4572538650623896
412.1836,0.3551250505779557,0.44961869141550403
412.4198,0.3633966487803272,0.4396190820442817
412.656,0.3750475768096562,0.4259136361782017
412.8922,0.3956214298184455,0.40272019179722895
413.1284,0.43198803175771733,0.3645282851609735
413.3646,0.4862723660671821,0.3131204098592011
413.6008,0.5580072870909525,0.2533601295163186
413.837,0.6402204314474814,0.1936704702679407
414.07320000000004,0.7331720870878112,0.1347940776084755
414.3094,0.8316276710417854,0.08007106866617641
414.54560000000004,0.9283928891242221,0.03226819461200383
414.7818,1.015047094869131,-0.0064861925618475485
415.01800000000003,1.1002537899935,-0.04149287323173677
415.25419999999997,1.1925245475668966,-0.07646732755544045
415.4904,1.289857643546363,-0.11054178159086049
415.72659999999996,1.3791144452929638,-0.13960030743536117
415.9628,1.4574761599871326,-0.16360145971186582
416.199,1.524643799304672,-0.18316839183641537
416.4352,1.5874375481106313,-0.20069664858168385
416.6714,1.6517432117304276,-0.21794253063756758
416.9076,1.7220640144004273,-0.23604929147543818
417.1438,1.7871723567730387,-0.25216643833992164
417.38,1.8534682391842234,-0.26798514840970755
417.6162,1.913288887071046,-0.28178054900723687
417.8524,1.985572613461379,-0.2978857740737594
418.08860000000004,2.059533346369526,-0.3137688281093988
418.3248,2.1381770220560044,-0.3300436580848883
418.56100000000004,2.20416845343843,-0.3432447823771764
418.7972,2.2634219181100663,-0.35476551711320675
419.03340000000003,2.3347112769837155,-0.36823318101960245
419.26959999999997,2.44818187930223,-0.3888436790957225
419.5058,2.538686878586908,-0.4046091383342055
419.74199999999996,2.5846202883343348,-0.41239674905707835
419.9782,2.567204117613604,-0.40946040066559997
420.2144,2.5636840402920247,-0.4088644997808277
420.4506,2.5773655565135205,-0.4111760203814972
420.6868,2.583466656914998,-0.41220286076796964
420.923,2.5599761140553845,-0.4082359131312493
421.1592,2.4824449529239647,-0.3948796269936325
421.3954,2.384680983504513,-0.37743028846189763
421.6316,2.281512045374991,-0.3582227659976044
421.8678,2.1882709169267347,-0.34010108843048803
422.10400000000004,2.0833100935170212,-0.3187539179938788
422.3402,1.9711370153811774,-0.2947168135010623
422.57640000000004,1.8589787915315632,-0.26927443507940124
422.8126,1.7492106027528176,-0.24284210113513702
423.0488,1.6422828152349929,-0.2154479484713508
423.28499999999997,1.5461789420423466,-0.18925975416473487
423.5212,1.4732863636222995,-0.16828716914652483
423.75739999999996,1.4155738236684305,-0.1509325232071661
423.9936,1.3592125123855205,-0.13328736382668593
424.2298,1.301428140152425,-0.11442019303929343
424.466,1.2511708990909032,-0.09731663460386784
424.7022,1.220424436433902,-0.08651089489150411
424.9384,1.1936533076043192,-0.07687820580673918
425.1746,1.17681348126313,-0.0707076349103732
425.4108,1.1705115557848311,-0.06837570559250065
425.647,1.181333991853857,-0.07237270058768983
425.8832,1.1859279339086815,-0.0740582987611921
426.11940000000004,1.1791617545927888,-0.07157338466128645
426.3556,1.1658463696520598,-0.06664132468691919
426.59180000000003,1.1558289449791175,-0.0628935661359944
426.828,1.1642610868169354,-0.0660503822461616
427.0642,1.1694626326828184,-0.06798634954925695
427.30039999999997,1.1775648132029892,-0.07098482004022436
427.5366,1.175179186872846,-0.07010409123495968
427.77279999999996,1.1738430866085958,-0.06961004650736405
428.009,1.1629259427532939,-0.06555205894370557
428.2452,1.1476914167330867,-0.059825133684725765
428.4814,1.1477152821246535,-0.059834164422391055
428.7176,1.1645745153308618,-0.06616728210355442
428.9538,1.1835644761019541,-0.0731919216251088
429.19,1.1938063701130417,-0.07693389194346094
429.4262,1.1902312033159057,-0.07563133162049139
429.6624,1.1704958634937734,-0.06836988324836046
429.8986,1.1434399472986108,-0.05821336068593175
430.13480000000004,1.1236920324358641,-0.05064730149984373
430.371,1.1164427438374542,-0.04783645542083941
430.60720000000003,1.1244055594965974,-0.050922984260843664
430.8434,1.138501989766913,-0.056333793970955615
431.0796,1.1446721664041386,-0.05868112273880953
431.31579999999997,1.1305523164911726,-0.053290664193733406
431.552,1.1138537979223062,-0.046828190009616646
431.78819999999996,1.1068744990167754,-0.04409838196787173
432.0244,1.1010336006043646,-0.04180057268146928
432.2606,1.0913287342276983,-0.037955590145135276
432.4968,1.0919007740888123,-0.03818317387817783
432.733,1.1066943809801932,-0.044027704908523466
432.9692,1.1207867850663609,-0.049523001643713295
433.2054,1.1169688549064956,-0.04804106359830893
433.4416,1.1061382054931104,-0.04380939291187921
433.6778,1.1005875387778403,-0.04162459127482975
433.914,1.1002719362364137,-0.04150003589570466
434.15020000000004,1.0955860810460143,-0.03964650609076934
434.3864,1.0923162894663316,-0.03834841023750355
434.62260000000003,1.093680276662204,-0.03889038015512327
434.8588,1.1009626522199054,-0.04177258671932995
435.095,1.1014431085932956,-0.04196207001871216
435.33119999999997,1.0965890660478579,-0.04004391127320143
435.5674,1.0976473746405748,-0.0404628429882022
435.80359999999996,1.1007807111920327,-0.04170081088393528
436.0398,1.0988281067278614,-0.040929759631576766
436.276,1.1074073150664439,-0.04430738795187511
436.5122,1.1121937700920075,-0.04618045806488657
436.7484,1.124568100253641,-0.05098576005520237
436.9846,1.1182140412429988,-0.0485249413263987
437.2208,1.1078764487255615,-0.04449133022221148
437.457,1.0916987111882703,-0.0381027975971383
437.6932,1.079421959153202,-0.033191248861728986
437.9294,1.0759995849198174,-0.03181210379592091
438.1656,1.0718977189931447,-0.030153346740980556
438.4018,1.0700404364808074,-0.029400189842835222
438.638,1.0697747975708503,-0.029292362296297603
438.8742,1.0756963180395227,-0.03168968209743928
439.1104,1.0716596955738138,-0.030056897485829726
439.3466,1.0567900854595629,-0.02398873018330605
439.5828,1.0341052883787445,-0.014564759100276409
439.819,1.0143850882994097,-0.006202856353034223
440.0552,1.0090361151781355,-0.003906710678817101
440.2914,1.0175477293336272,-0.00755478949436984
440.5276,1.0284257008528692,-0.012172921334408697
440.7638,1.0294532262755012,-0.012606619014351731
441.0,1.028075439348478,-0.012024984008163122
441.2362,1.0315150889457523,-0.013475585191331225
441.4724,1.0344960757139121,-0.014728847540152685
441.7086,1.0304659759361532,-0.0130336567584888
441.9448,1.0204001938054565,-0.008770532423672008
442.181,1.009990923855928,-0.004317471072743301
442.4172,0.9999340092669844,2.8660356874809936e-05
442.6534,0.9928476648220309,0.0031173813156495965
442.8896,0.9905141405486242,0.004139320106854783
443.1258,0.9878279692500943,0.005318681435237492
443.362,0.9814003646806977,0.00815378497464149
443.5982,0.9750199049113946,0.010986518142548642
443.8344,0.9713238144171917,0.012635963325166531
444.0706,0.9745331832509904,0.011203368390958444
444.3068,0.9808692877001117,0.008388863581178475
444.543,0.9855381521497066,0.006326558652552721
444.7792,0.9846384169758507,0.006723223656560463
445.0154,0.9843738120474596,0.006839948641080719
445.2516,0.9905515815394497,0.004122904280228605
445.4878,0.9969186684197998,0.001340271274379497
445.724,0.9928990081154192,0.0030949231548880727
445.9602,0.9933421752413379,0.0029011248969988447
446.1964,1.0005336073835451,-0.00023168093434376168
446.4326,1.0139514238187217,-0.006017149402826748
446.6688,1.0218656174679308,-0.009393786767917005
446.905,1.0211522574541871,-0.009090501775678087
447.1412,1.0163912827490875,-0.007060931594581626
447.3774,1.0061702354319806,-0.0026714658630720453
447.6136,1.0024225173940542,-0.001050813642666816
447.8498,0.9969830606444314,0.0013122205560947683
448.086,0.9919636596194461,0.0035042378416219873
448.3222,0.9791090611130353,0.009168930258604215
448.5584,0.9676562746827115,0.014278882896450924
448.7946,0.9667160834886291,0.01470105588496877
449.0308,0.9756587864319461,0.010702039996436973
449.267,0.9841303928528109,0.0069473556898448675
449.5032,0.9787617866446707,0.00932299495298486
449.7394,0.9650698544398476,0.01544125007612126
449.9756,0.9528370798396057,0.020981350542502043
450.2118,0.9444634209287851,0.024814857643060198
450.448,0.9400798583644102,0.02683525217278889
450.6842,0.940936209528853,0.02643981843106695
450.9204,0.9471846084405324,0.023565367761838506
451.1566,0.9537926627574801,0.020546022787237928
451.3928,0.9504754646777653,0.02205908941672521
451.629,0.9433719077242955,0.025317060570680432
451.8652,0.9312361120968753,0.030940191005708946
452.1014,0.9273728863806644,0.032745605730916845
452.3376,0.9272625952948129,0.03279725880292818
452.5738,0.9318287344710865,0.030663901496917154
452.81,0.929787645466371,0.03161622879331504
453.0462,0.9191494145523097,0.03661388508708799
453.2824,0.9120078793827362,0.040001409525025865
453.5186,0.9116718019289697,0.040161477750614905
453.7548,0.9135566829072279,0.039264501064469055
453.991,0.9045663749503223,0.04355956012861892
454.2272,0.8863518188506235,0.05239385976368346
454.4634,0.8651317843982261,0.06291773198305056
454.6996,0.84964448301588,0.07076275824164141
454.9358,0.8469980730083855,0.07211757772451959
455.172,0.8441344713986223,0.07358836435237016
455.4082,0.8371970837391896,0.07717229313576827
455.6444,0.8241545475530933,0.08399134066219248
455.8806,0.8157355985275669,0.08845058476070501
456.1168,0.8053265180716159,0.09402800007240682
456.353,0.7853250497421528,0.1049505495089871
456.5892,0.7579119995851483,0.12038121694475655
456.8254,0.7378676194057915,0.1320215478227479
457.0616,0.7261500916986111,0.13897360346049265
457.2978,0.7189939568592874,0.1432747598447868
457.534,0.7105495378744302,0.14840563867171383
457.7702,0.7044895872915524,0.1521254215968396
458.0064,0.7018456665358774,0.1537583772444318
458.2426,0.6946619133037268,0.15822651182877556
458.4788,0.6798571402020853,0.16758233691155688
458.715,0.6635271525942273,0.1781413004098536
458.9512,0.6499596234566315,0.1871136215950412
459.1874,0.6437223837584254,0.1913013891563301
459.4236,0.6393988277679196,0.19422816427075987
459.6598,0.6366709302600441,0.19608497912291362
459.896,0.6334003710619616,0.19832168654333776
460.1322,0.629984307056641,0.20067026871084753
460.3684,0.6271515833598382,0.2026274769360031
460.6046,0.6272152607742411,0.2025833833762122
460.8408,0.6307493497189159,0.20014318855296737
461.077,0.6361475922451532,0.19644211224256347
461.3132,0.642995068255956,0.19179235808268044
461.5494,0.6527132670667094,0.18527755973346235
461.7856,0.6694536296713213,0.17427949942165832
462.0218,0.688770967279754,0.16192516732666146
462.258,0.7075748748706295,0.1502275967611431
462.4942,0.7213027619243777,0.14188240485939985
462.7304,0.7338289252126854,0.13440517372932742
462.96659999999997,0.7533315901765056,0.12301382049827997
463.2028,0.7770379435181342,0.10955777365956372
463.439,0.7981754748563329,0.09790162069907261
463.6752,0.8116480739470553,0.09063223759777561
463.9114,0.8231597020179164,0.08451589871650694
464.1476,0.8392162164288693,0.07612613272973982
464.3838,0.8570241312425377,0.06700694946778138
464.62,0.8779724149674345,0.05651912898640849
464.8562,0.8960155387469513,0.04768445871561943
465.0924,0.9127507130859415,0.039647819085801624
465.3286,0.9258171313921404,0.03347478726001555
465.5648,0.9390265599186681,0.02732212374774712
465.801,0.9504311362974529,0.022079344563353677
466.0372,0.961952760877133,0.016846254567301665
466.2734,0.9717393462743384,0.012450212085561253
466.5096,0.9822999006727642,0.0077558998677888505
466.7458,0.9916803708684206,0.003628283023419832
466.98199999999997,1.0013199118839209,-0.0005728524735038452
467.2182,1.0094036605221532,-0.004064875334946133
467.4544,1.015016462236201,-0.006473085993432859
467.6906,1.0191208299548145,-0.008225678286760284
467.9268,1.0235521118136701,-0.010109958671200686
468.163,1.0300540872963577,-0.012860029751408104
468.3992,1.0365106110696385,-0.015573752455352476
468.6354,1.0407553481368679,-0.017348651276674638
468.8716,1.0427531039532945,-0.018181491280066575
469.1078,1.044236070832707,-0.018798690879136992
469.344,1.0467288043552336,-0.01983417544360126
469.5802,1.049565977086809,-0.021009744094328393
469.8164,1.0524905803864635,-0.022218217662587733
470.0526,1.055247310617053,-0.02335425399331431
470.2888,1.0588947624123504,-0.024852800169178527
470.525,1.063323031100503,-0.026665220602837787
470.7612,1.069310436593729,-0.02910380560867999
470.99739999999997,1.0746763149635536,-0.03127767746731882
471.2336,1.0807410470524415,-0.03372164648944919
471.4698,1.0856944910045816,-0.035707634150620296
471.706,1.091816008079845,-0.03814945759201236
471.9422,1.0967613720783078,-0.04011214620463439
472.1784,1.1031421450174013,-0.04263147691819331
472.4146,1.108615297563064,-0.04478086704138554
472.6508,1.1141432832055915,-0.04694104640686726
472.887,1.1178863012820661,-0.04839763428668799
473.1232,1.1226863123820974,-0.05025842782691073
473.3594,1.1288418516606438,-0.05263310245459806
473.5956,1.1351956585185012,-0.05507072152177168
473.8318,1.1391319470086978,-0.056574031839298725
474.068,1.140516963901342,-0.057101749300483014
474.3042,1.1443195432798619,-0.058547315108464316
474.5404,1.1502600178079936,-0.06079602429700498
474.7766,1.1589086825843136,-0.06404921662609338
475.01279999999997,1.1662527676380825,-0.06679268738136959
475.249,1.1725145314906342,-0.0691182338238705
475.4852,1.1758184234532985,-0.07034026070203458
475.7214,1.1774596432258777,-0.07094603085429713
475.9576,1.1761711881599046,-0.07047053658920827
476.1938,1.1760032497715007,-0.07040852187267081
476.43,1.1781136073232354,-0.07118717216126
476.6662,1.1870891780624422,-0.0744833458169699
476.9024,1.2010024420789545,-0.07954389048395186
477.1386,1.2166448056691923,-0.08516380628815376
477.3748,1.229499838419104,-0.0897284759997493
477.611,1.2391021950393906,-0.09310712632069626
477.8472,1.2470050697755544,-0.09586821913297085
478.0834,1.2556081960211756,-0.09885414190786525
478.3196,1.264685946109817,-0.10198269246446799
478.5558,1.2748059840043509,-0.10544409340694276
478.792,1.2843199257290794,-0.10867322051788822
479.0282,1.2895904957157123,-0.11045182372169239
479.2644,1.2893955156532186,-0.11038615545904173
479.5006,1.2873568378946376,-0.10969894414480527
479.7368,1.2846734971791713,-0.1087927647170549
479.973,1.2855189553293476,-0.10907848481726527
480.2092,1.28801997908495,-0.10992259962243608
480.4454,1.291626413896098,-0.11113691780379882
480.6816,1.2902829738818606,-0.11068496651506053
480.9178,1.285028387827008,-0.10891272186221146
481.154,1.2806462979852415,-0.10742919840651158
481.3902,1.281416416258843,-0.10769028344931826
481.6264,1.2852067837728665,-0.10897300924436293
481.8626,1.2914466724370073,-0.11107647760612006
482.0988,1.2939630914645814,-0.11192188885055607
482.335,1.2963598409051607,-0.11272556884009449
482.5712,1.3002899840489917,-0.1140402172516019
482.8074,1.3060481810111941,-0.11595919865523066
483.0436,1.3082971934622647,-0.11670640975267076
483.2798,1.3064665635560757,-0.11609829929188574
483.516,1.30286474917924,-0.11489933379864407
483.7522,1.2960292108970841,-0.11261479010590875
483.9884,1.2841594221090267,-0.10861894261476722
484.2246,1.2703476897288235,-0.10392260210926976
484.4608,1.2614884509222095,-0.10088327885381927
484.697,1.2551721480772065,-0.09870329381136801
484.9332,1.252721644513017,-0.09785458122421388
485.1694,1.2495841745070404,-0.09676551639895253
485.4056,1.2471190414915214,-0.09590791025110598
485.6418,1.240962064840827,-0.09375850568719862
485.878,1.2305839532489378,-0.090111247611366
486.1142,1.2175550371943507,-0.08548860176311407
486.3504,1.2058484938340512,-0.08129274526249639
486.5866,1.199148328829303,-0.07887290654154086
486.8228,1.1964960484526181,-0.07791126865103846
487.059,1.1954603939951003,-0.07753519236788978
487.2952,1.194074475940745,-0.0770314151362277
487.5314,1.193450614860732,-0.07680445255331367
487.7676,1.1900740454693126,-0.07557398369362596
488.0038,1.1826277213563796,-0.07284805485165675
488.24,1.1711262947738563,-0.06860373210549373
488.4762,1.1635482271717372,-0.0657843887920599
488.7124,1.1648101535737299,-0.06625514770198321
488.9486,1.1708666669791086,-0.06850744238907616
489.1848,1.172836822113938,-0.06923759252032842
489.421,1.1640256844761856,-0.0659625632204096
489.6572,1.1535160118851104,-0.062023627314056334
489.8934,1.1491161735513755,-0.06036393728866764
490.1296,1.1502034652678432,-0.06077467168149028
490.3658,1.1484138761227407,-0.060098431375085554
490.602,1.1422499469306624,-0.057761146550267456
490.8382,1.139298616020842,-0.056637569814589374
491.0744,1.1360043462748532,-0.05537999295913277
491.3106,1.130661944415987,-0.05333277502212315
491.5468,1.1241447539193163,-0.05082223808416718
491.783,1.1229010976035736,-0.05034150634467508
492.0192,1.1251287995878416,-0.051202241334888855
492.2554,1.1248222289707452,-0.05108389037839902
492.4916,1.1226082187762012,-0.050228217427646264
492.7278,1.1183520486799179,-0.048578537657543726
492.964,1.1087002552572829,-0.04481414751674736
493.2002,1.096917659831963,-0.04017402846555679
493.4364,1.0831342198643212,-0.03468227687890997
493.6726,1.0757299466524892,-0.03170325887790933
493.9088,1.0759739945256905,-0.03180177488940858
494.145,1.081540978127105,-0.03404297891827449
494.3812,1.0825212600861112,-0.03443643439945899
494.6174,1.0715774643105702,-0.03002357165091739
494.8536,1.0612412092226307,-0.025814105794373852
495.0898,1.053770993879794,-0.02274624000321404
495.326,1.0515571303623203,-0.021832872578307214
495.5622,1.0478476995567803,-0.020298164280650767
495.7984,1.0473381722307038,-0.020086932510299544
496.0346,1.0452605400242947,-0.019224555510958856
496.2708,1.0425362208567066,-0.018091152609758167
496.507,1.0419506572416057,-0.017847152941347658
496.7432,1.0367973506613637,-0.015693878770904206
496.9794,1.0246782905118739,-0.010587535063971736
497.2156,1.0097556456363546,-0.004216290029063545
497.4518,1.0059283169572997,-0.002567033742681251
497.688,1.004598917279444,-0.0019927057568210876
497.9242,0.9993686735089761,0.00027426819683272724
498.1604,0.990116905700054,0.0043135240863325305
498.3966,0.9846108716348906,0.006735373250470296
498.6328,0.9821972706247903,0.0078012770403338375
498.86899999999997,0.9812102413495286,0.008237927507666006
499.1052,0.9799190121553156,0.008809816172270515
499.3414,0.9759980288495015,0.010551059444628846
499.5776,0.9701783693677294,0.013148412423784547
499.8138,0.965826069408653,0.015101076376627996
500.05,0.9605234249827185,0.017492039218029366
500.2862,0.9520199051761293,0.021353971134663984
500.5224,0.9423414202476719,0.025791719218608164
500.7586,0.9385139326589632,0.02755927569901021
500.9948,0.93663009340167,0.028431892690679725
501.231,0.9319111386275128,0.030625497349469604
501.4672,0.9242917420132608,0.034190927104145126
501.7034,0.9192815144506834,0.036551472889689275
501.9396,0.9179803011992028,0.03716663815853617
502.1758,0.9182008404986725,0.03706231402723127
502.412,0.9224806201550387,0.03504274890671822
502.6482,0.9202886205697168,0.036075948020527576
502.88439999999997,0.9116474569102252,0.040173075179043234
503.1206,0.8980845743951721,0.046682763039152315
503.3568,0.8973174462129517,0.047053888339113954
503.593,0.9040908395247238,0.04378793111499813
503.8292,0.9085442806929712,0.04165390116610964
504.0654,0.9058931356516567,0.04292303116879408
504.3016,0.8974349826371191,0.046997005373317725
504.5378,0.8888944765736317,0.05114979241773022
504.774,0.880928595923601,0.05505929210226831
505.0102,0.8727474954129929,0.05911138883847838
505.2464,0.8598533789347014,0.06557559776610272
505.4826,0.8466040548185073,0.07231965579930394
505.7188,0.8393856672859048,0.0760384507449545
505.955,0.8369003347942264,0.07732625840592657
506.1912,0.8374595541306735,0.0770361584308501
506.4274,0.8393108422385116,0.07607716662364747
506.6636,0.8424782125519097,0.07444132166235737
506.89979999999997,0.8386697622574713,0.076409014931101
507.136,0.8294659567120974,0.08120143376919252
507.3722,0.8188023753478917,0.08682090611824515
507.6084,0.8122653849747457,0.09030205401023934
507.8446,0.8121084255086716,0.0903859837433718
508.0808,0.8202211755632678,0.08606902276913182
508.317,0.8243529817304378,0.08388678685564065
508.5532,0.8201086213029083,0.0861286226061389
508.7894,0.799972135976435,0.09692513976108794
509.0256,0.7726124401913874,0.11203830335793753
509.2618,0.7522302951135841,0.12364917990628926
509.498,0.741594062600839,0.12983375592668614
509.7342,0.7361081433270398,0.13305837778196544
509.9704,0.7268407547927884,0.13856072929274305
510.2066,0.7178267882831185,0.14398033844293912
510.4428,0.7163360007054208,0.14488322207211582
510.679,0.7152877431782672,0.14551921675013238
510.91519999999997,0.7093919467548477,0.14911374608649391
511.1514,0.7022073221993254,0.15353464628311017
511.3876,0.6990099745789353,0.15551662701013613
511.6238,0.7023631770646259,0.15343826534916477
511.86,0.7043325692616803,0.1522222287969506
512.0962,0.7003782503204541,0.15466734904272303
512.3324,0.6883463054778458,0.16219301420758886
512.5686000000001,0.6774498330452333,0.16912285991969725
512.8048,0.6686280378935872,0.17481541588709396
513.0409999999999,0.666046553522,0.17649541462679813
513.2772,0.6653355078456783,0.17695929836374752
513.5134,0.6587812316033885,0.18125878219079397
513.7496,0.6498709153942612,0.18717289920223085
513.9857999999999,0.6432820673706527,0.1915985551603707
514.222,0.6464554340546228,0.18946140954815088
514.4582,0.6489512923251457,0.18778789837411933
514.6944,0.6430853965288406,0.19173135245882986
514.9305999999999,0.630400471905101,0.20038347041427423
515.1668,0.6215908931008768,0.20649535698868837
515.403,0.6224848895024384,0.20587118637738053
515.6392000000001,0.6324686940966011,0.19896096630641827
515.8754,0.6424985284443061,0.19212786268810683
516.1116,0.64809743573671,0.18835969687365062
516.3478,0.6476725891246785,0.18864448281919963
516.5840000000001,0.6446394597187622,0.19068311394375054
516.8202,0.644058684263118,0.1910745595182864
517.0563999999999,0.6482322318863531,0.18826937845288938
517.2926,0.6509360525527906,0.18646167408551167
517.5288,0.6493554130869857,0.1875175347969673
517.765,0.6446225682957256,0.19069449386754775
518.0011999999999,0.6426097970616627,0.19205265759342552
518.2374,0.6527977266827513,0.18522136664827588
518.4736,0.6682842241987487,0.17503879089530758
518.7098,0.6850671864677008,0.1642668339363116
518.9459999999999,0.6927561224268454,0.15941962732928142
519.1822,0.6992592160774509,0.15536180101620542
519.4184,0.7083323243688862,0.14976293895169057
519.6546000000001,0.7247936386550871,0.1397856270160073
519.8908,0.7429941241040872,0.12901462080101522
520.127,0.7623233871753742,0.11786075638711162
520.3632,0.7797790135125221,0.10802845732237726
520.5994000000001,0.7964600431066856,0.0988360070487357
520.8356,0.8145525679998832,0.08908088280350199
521.0717999999999,0.8319217523463499,0.0799175200101063
521.308,0.8534656919663541,0.06881393218154738
521.5442,0.8761511855648623,0.05742094703820993
521.7804,0.9011850869192715,0.04518600372390276
522.0165999999999,0.9248185483758639,0.033943468525076945
522.2528,0.9488731097828772,0.022791860708263115
522.489,0.9732263089950085,0.0117861594032423
522.7252,0.998310290006597,0.0007344524068310556
522.9613999999999,1.0228958668206138,-0.009831423773655533
523.1976,1.0477491797851064,-0.020257329525026124
523.4338,1.070164395646317,-0.029450497907572024
523.6700000000001,1.0929802247054907,-0.03861230432941276
523.9062,1.1148990832015528,-0.04723555833288023
524.1424,1.1383137314666565,-0.05626197477153797
524.3786,1.1618710620997408,-0.0651579351751445
524.6148000000001,1.187620867055527,-0.07467781974873992
524.851,1.2175122191692362,-0.08547332856522888
525.0871999999999,1.256427317329873,-0.09913737028986404
525.3234,1.3007469412288546,-0.11419281330419433
525.5596,1.3468067263717958,-0.12930527672322306
525.7958,1.390091518899773,-0.1430433936675891
526.0319999999999,1.4349253347578863,-0.1568293034767884
526.2682,1.478666955147096,-0.16987036748612075
526.5044,1.5267199173690043,-0.18375937137341755
526.7406,1.5719866307014214,-0.1964488481682176
526.9767999999999,1.6312846947990003,-0.212529761524975
527.213,1.670379009545745,-0.22281502388937793
527.4492,1.6905468820003846,-0.22802721906022996
527.6854000000001,1.6773143760836378,-0.22461446928623444
527.9216,1.6599181821814195,-0.2200866820744932
528.1578,1.6419227787253838,-0.21535272795877336
528.394,1.6287912547727392,-0.21186542886998844
528.6302000000001,1.6264530448051049,-0.2112415298518732
528.8664,1.6310800187611065,-0.2124752675111192
529.1025999999999,1.6291116608849545,-0.21195085229146796
529.3388,1.6129758210250846,-0.2076278572376358
529.575,1.5856138289917228,-0.20019742487367062
529.8112,1.55973641897324,-0.1930512128049437
530.0473999999999,1.5248791638818668,-0.1832354302149081
530.2836,1.474208511111845,-0.16855891420210403
530.5198,1.4304171745952934,-0.1554627159283432
530.756,1.4115865020800724,-0.14970749688248466
530.9922,1.4196606999698238,-0.1521845600601492
531.2284,1.4274963939612288,-0.15457501983577154
531.4646,1.4212913754415348,-0.1526831206962424
531.7008000000001,1.4131200334247631,-0.1501790533134882
531.937,1.4160038314017607,-0.15106442846278373
532.1732,1.4290088590284802,-0.15503492117393597
532.4094,1.437443728714775,-0.15759085246636578
532.6456000000001,1.4336241167380357,-0.15643529817613724
532.8818,1.4345752808988768,-0.15672334325551404
533.1179999999999,1.455691075691076,-0.16306921951154676
533.3542,1.486564763951915,-0.17218383450580635
533.5904,1.5062293202293204,-0.17789109731516206
533.8266,1.5173441229179578,-0.1810840868750001
534.0627999999999,1.5157203891491227,-0.18061909268813328
534.299,1.4970418116161568,-0.1752339301363686
534.5352,1.4549434983899052,-0.1628461281577059
534.7714,1.4159026822797298,-0.15103340448275204
535.0076,1.3891286937166514,-0.14274248215370652
535.2438,1.3713090092491453,-0.1371353292536057
535.48,1.3514670357145373,-0.13080545707738447
535.7162000000001,1.3374818123734917,-0.1262878850188461
535.9524,1.323888290757235,-0.12185134102930036
536.1886,1.3089732829382734,-0.11693078238658992
536.4248,1.2817850717612187,-0.10781520929089357
536.6610000000001,1.2589803809408568,-0.10001896242278398
536.8972,1.2344125622984465,-0.09146033278057342
537.1333999999999,1.2220306935418734,-0.08708211414586452
537.3696,1.21267654783551,-0.08374497875405296
537.6058,1.2139991157289711,-0.08421837040137369
537.842,1.2098501663281065,-0.08273158852624234
538.0781999999999,1.2001681289805375,-0.0792420896924789
538.3144,1.180950523010609,-0.07223170283486258
538.5506,1.1721718866517528,-0.06899130105990962
538.7868,1.1641322631896336,-0.06600232559754346
539.023,1.1582176062969045,-0.06379016244459698
539.2592,1.1462520225619623,-0.059280114991468645
539.4954,1.1366858472435286,-0.055640452673195624
539.7316000000001,1.128353738697029,-0.052445272236558274
539.9678,1.1164677668018042,-0.047846189205768726
540.204,1.1047815223817972,-0.04327640199822589
540.4402,1.094255133870301,-0.039118592850892815
540.6764000000001,1.091732993616928,-0.038116435458639276
540.9126,1.0945853245173602,-0.039249621109742935
541.1487999999999,1.1030793724759245,-0.04260676338134344
541.385,1.1095839429926884,-0.045160163349900126
541.6212,1.1087563476658238,-0.04483611919680554
541.8574,1.1114843884002772,-0.04590336709868166
542.0935999999999,1.1132809715059768,-0.0466047860552615
542.3298,1.1156788561607869,-0.04753920260475433
542.566,1.1057982277644955,-0.0436758895702369
542.8022,1.0974004567805462,-0.04036513663027134
543.0384,1.0981196275071634,-0.0406496540815324
543.2746,1.1066181589254045,-0.04399779244274168
543.5108,1.1112982387626795,-0.045830626058133636
543.7470000000001,1.1037738718842593,-0.04288010939694534
543.9832,1.098863712440736,-0.04094383200013383
544.2194,1.0973326751860182,-0.04033831134380828
544.4556,1.101780734448409,-0.042095174103832185
544.6918000000001,1.0951611564307684,-0.03947803168643507
544.928,1.085155152688198,-0.03549183693022386
545.1641999999999,1.0800794030803609,-0.03345568423884022
545.4004,1.0841096235968217,-0.035073199652582335
545.6366,1.084989727244793,-0.03542562627485183
545.8728,1.0631562339762555,-0.02659709008118512
546.1089999999999,1.029594677038054,-0.012666288617604243
546.3452,0.9887714578879552,0.0049040785221177545
546.5814,0.9517084114899409,0.021496092244154556
546.8176,0.9238478728912873,0.034399536791976236
547.0538,0.9007360704446186,0.04540244535950344
547.29,0.8690726258057384,0.06094392934103872
547.5262,0.8304342556067503,0.08069474437743167
547.7624000000001,0.80424079868872,0.09461389915657964
547.9986,0.79275017268492,0.10086365469841428
548.2348,0.7809496155946366,0.10737698452868719
548.471,0.7503051663729572,0.12476206311995108
548.7072000000001,0.7076898041886645,0.15015706130656742
548.9434,0.6695226011891436,0.17423475785129305
549.1795999999999,0.646660161852264,0.18932389337584254
549.4158,0.635955453420541,0.19657330418052363
549.652,0.6192527294093497,0.20813207054784663
549.8882,0.6010693202900996,0.22107543867379234
550.1243999999999,0.5828171482018775,0.2344676784876908
550.3606,0.572563855095012,0.24217607166239957
550.5968,0.5588336025814095,0.25271748771010144
550.833,0.5440822212491164,0.26433546512433614
551.0692,0.5324222249368842,0.2737438240350952
551.3054,0.5301753796425199,0.2755804439617745
551.5416,0.5407232149855004,0.26702498436617705
551.7778000000001,0.5576965989535242,0.25360200399368366
552.014,0.578400035673252,0.23777168892808984
552.2502,0.6030555891482243,0.21964265312088335
552.4864,0.6253917698053567,0.20384783839791074
552.7226,0.6408839628327611,0.19322059585294218
552.9588,0.6548896743787491,0.18383185702223467
553.1949999999999,0.6714317431316644,0.1729981305574145
553.4312,0.6907395398303547,0.1606856830721145
553.6674,0.7091077805584457,0.14928774938070039
553.9036,0.7266595124942511,0.1386690368484026
554.1397999999999,0.7413429920636884,0.1299808134832451
554.376,0.7497656586332659,0.12507445536235554
554.6122,0.7577562204623323,0.12047048979850927
554.8484,0.770256605630561,0.11336456853636952
555.0846,0.7842716450012263,0.10553348643337536
555.3208,0.7944023460812684,0.09995948192374722
555.557,0.802310113234483,0.09565773341853406
555.7932000000001,0.809068383249846,0.09201476984266516
556.0294,0.8192330972218742,0.08659251040820176
556.2656,0.830302440408284,0.08076368560524035
556.5018,0.8427281061664939,0.07431252150600053
556.738,0.8549514893056394,0.06805852682103099
556.9742,0.8678054430944128,0.06157763019383798
557.2103999999999,0.8805353200636207,0.05525321891183049
557.4466,0.8938609885759531,0.048730016538084814
557.6828,0.9076271054325337,0.04209254279591473
557.919,0.9224558440018966,0.03505441342395456
558.1551999999999,0.9356489020423921,0.028887087704962424
558.3914,0.9497678825761524,0.02238252064133223
558.6276,0.9630717861626585,0.016341339903120398
558.8638,0.9758821323395596,0.010602633527709964
559.1,0.9853355034520935,0.006415868498669197
559.3362,0.9909351674766044,0.003954758560348637
559.5724,0.9957420320374014,0.0018531601443776261
559.8086000000001,1.0000279687750708,-1.2146514818076148e-05
560.0448,1.00603672333885,-0.0026138340522423665
560.281,1.012010900872956,-0.005185190530930027
560.5172,1.0188216468904059,-0.00809816383886857
560.7534,1.0247379389785667,-0.010612815433643091
560.9896,1.0305915850352538,-0.013086592047358729
561.2257999999999,1.0350218399580342,-0.014949513921620146
561.462,1.038863646487594,-0.016558549035439803
561.6982,1.0423398312140395,-0.018009333896093317
561.9344,1.0460744286660901,-0.019562585878309908
562.1705999999999,1.0510219955504247,-0.021611804939962898
562.4068,1.0561938138273805,-0.02374361947845541
562.643,1.06135187877946,-0.02585939302173825
562.8792,1.0661832616526858,-0.027831860116410454
563.1154,1.070248555575266,-0.029484650375896388
563.3516,1.0743464438132464,-0.031144350613652345
563.5878,1.0785039750417111,-0.0328217501205287
563.8240000000001,1.0823084755941992,-0.03435105943490962
564.0602,1.086389863106686,-0.03598570463767018
564.2964,1.0891929824561406,-0.03710483456804396
564.5326,1.0906084476436237,-0.037668857325497206
564.7688,1.0893060514448565,-0.03714991628454108
565.005,1.0893889680869522,-0.03718297299033484
565.2411999999999,1.0914684564164192,-0.038011189058221574
565.4774,1.0959006214951712,-0.03977117322398429
565.7136,1.0994016294524251,-0.04115637630960292
565.9498,1.103223361100689,-0.0426634495870297
566.1859999999999,1.1067412130462342,-0.044046082590635055
566.4222,1.1104706676642357,-0.045507091439371976
566.6584,1.1106851630518257,-0.045590970438067514
566.8946,1.1105927110344194,-0.04555481881427293
567.1308,1.1103153836638122,-0.04544635710201302
567.367,1.1116055303765546,-0.045950698780078666
567.6032,1.1130254345041428,-0.04650508880783286
567.8394000000001,1.1132767336900644,-0.046603132866519265
568.0756,1.1140240683088463,-0.04689457380073079
568.3118,1.1139688229449436,-0.046873036248440775
568.548,1.1151850202888611,-0.0473469271370214
568.7842,1.1156926982793793,-0.04754459082054535
569.0204,1.1158754161699702,-0.047615709753722556
569.2565999999999,1.114545771711365,-0.04709790861122147
569.4928,1.1130817027185407,-0.04652704370354847
569.729,1.1117210555971309,-0.045995831120220314
569.9652,1.1112124833075114,-0.04579711160025386
570.2013999999999,1.1108845039061752,-0.04566890869459111
570.4376,1.112763750956922,-0.04640296977353359
570.6738,1.1132448843002563,-0.04659070809225716
570.91,1.1139968481028002,-0.046883962064372675
571.1462,1.1159319382094504,-0.04763770736011024
571.3824,1.1236165384583878,-0.05061812293640847
571.6186,1.1335679875293319,-0.05444757274075134
571.8548000000001,1.1395986324117742,-0.05675191938774781
572.091,1.1392128615832773,-0.05660487945562762
572.3272,1.1390823927072804,-0.05655513883236047
572.5634,1.141769522810024,-0.05757844622708041
572.7996,1.1503897635141764,-0.06084500858376001
573.0358,1.157890253974809,-0.06366739846584665
573.2719999999999,1.163033005503081,-0.06559203966780018
573.5082,1.1654895205282805,-0.06650837292549136
573.7444,1.165814164027968,-0.06662932746465791
573.9806,1.1678800022116498,-0.06739822201048723
574.2167999999999,1.168972572322788,-0.06780432140255364
574.453,1.1697440915475341,-0.0680908602204623
574.6892,1.165579645810531,-0.06654195486578388
574.9254,1.1594622565848158,-0.0642566158254626
575.1616,1.155155096897533,-0.06264029869107565
575.3978,1.1537733824102265,-0.06212051554975179
575.634,1.1535650385040257,-0.06204208526121938
575.8702000000001,1.1515395353819162,-0.06127885302839337
576.1064,1.1482603109329494,-0.06004035390374543
576.3426,1.1439367589492513,-0.058402015717017725
576.5788,1.139396124826441,-0.05667473805434994
576.815,1.1357848683914153,-0.05529607845389779
577.0512,1.1329124882509665,-0.054196364110926286
577.2873999999999,1.1315747300160526,-0.05368324036048685
577.5236,1.130868535228513,-0.053412120625420605
577.7598,1.1295677459904292,-0.052912282912434196
577.996,1.1250979764856437,-0.05119034359787597
578.2321999999999,1.1148666275786383,-0.04722291548177585
578.4684,1.1000858259232862,-0.041426569040814674
578.7046,1.0840419176236027,-0.03504607578230717
578.9408,1.0689878380809492,-0.028972764250518958
579.177,1.05263171360079,-0.022276450266424788
579.4132,1.0319112263549703,-0.013642337250018025
579.6494,1.0063403353406248,-0.002744880088015965
579.8856000000001,0.9792406123817171,0.009110583181026533
580.1218,0.9540836389895829,0.02041355154386503
580.358,0.9299959023059696,0.03151896500501812
580.5942,0.8986190269099013,0.04642439011146006
580.8304,0.8668737336628594,0.06204415600355886
581.0666,0.8415692492890183,0.0749101419024114
581.3027999999999,0.8236441678291665,0.084260372435061
581.539,0.806737295967245,0.09326786488874877
581.7752,0.7869759673609801,0.1040385299050731
582.0114,0.7676504229650652,0.11483650645314142
582.2475999999999,0.7524297876530595,0.1235340196643516
582.4838,0.7406518904482444,0.1303858643283193
582.72,0.7322495500433438,0.1353408865138993
582.9562,0.7266232347763516,0.13869071908846586
583.1924,0.7253388444842842,0.13945906389569743
583.4286,0.7279208097155689,0.1379158648823245
583.6648,0.7330127419866409,0.1348884759367855
583.9010000000001,0.738538526817304,0.1316268442278204
584.1372,0.7420692452730976,0.12955556717804084
584.3734,0.7440057362031793,0.12842371607806702
584.6096,0.7438095876451175,0.12853822792040068
584.8458,0.7522270519112138,0.12365105234872961
585.082,0.7660004782764251,0.11577095920192947
585.3181999999999,0.7864910686917914,0.10430620481424145
585.5544,0.8026051647048091,0.09549804994035292
585.7906,0.8212172010223314,0.08554196257611035
586.0268,0.8406111837887316,0.07540483628463514
586.2629999999999,0.8660758786070907,0.06244405692405705
586.4992,0.8893698232473347,0.05091761046106825
586.7354,0.9116225508070338,0.04018494021618707
586.9716000000001,0.9323132773643424,0.03043813081186246
587.2078,0.9540214243994581,0.02044187226237584
587.444,0.9742095636268618,0.011347611358391456
587.6802,0.9936074202499988,0.00278517384865875
587.9164000000001,1.0163894548187837,-0.007060150536369525
588.1526,1.043206829887566,-0.01837042172830906
588.3888,1.0738867122480857,-0.03095846866281227
588.625,1.0999121179572309,-0.0413579867846475
588.8612,1.1255383881166856,-0.05136031183137393
589.0974,1.155745465940324,-0.0628621983498248
589.3335999999999,1.197695117021425,-0.07834627894921758
589.5698,1.246783002646362,-0.09579087292208646
589.806,1.2902187470661608,-0.11066334796590167
590.0422,1.3226886508641889,-0.12145762716192
590.2783999999999,1.3517825645828454,-0.1309068405730074
590.5146,1.3783900904130324,-0.13937214220084843
590.7508,1.404312504115683,-0.14746376285861595
590.9870000000001,1.4259739507000857,-0.15411159201616823
591.2232,1.4497258171393028,-0.16128587301911299
591.4594,1.4721976801260692,-0.16796612903939134
591.6956,1.4913077871189686,-0.1735672856075843
591.9318000000001,1.4984315988296601,-0.1756369228379885
592.168,1.4936583225654572,-0.1742512630782947
592.4042,1.479371481163092,-0.17007724226038612
592.6404,1.463333780820692,-0.16534339832969874
592.8766,1.4510139588637885,-0.16167159040352305
593.1128,1.445808929860131,-0.16011090278541623
593.3489999999999,1.4452170737410694,-0.15993308366524236
593.5852,1.4444349454138206,-0.1596979868281785
593.8214,1.4313925144250057,-0.1557587417081495
594.0576,1.414025507307452,-0.15045724367796687
594.2937999999999,1.397614200717904,-0.14538730472680117
594.53,1.3822837651585014,-0.14059720728714692
594.7662,1.3658173018608242,-0.1353926099602812
595.0024000000001,1.3455834340045758,-0.12891063172027048
595.2386,1.325369340553426,-0.12233691994266487
595.4748,1.302815849707565,-0.11488303343494793
595.711,1.2856518899502003,-0.10912339258560565
595.9472000000001,1.2764022492609484,-0.10598756083074698
596.1834,1.2704893122307972,-0.10397101597535938
596.4196,1.25678893876077,-0.09926234974014395
596.6558,1.2405043282596773,-0.09359828391335873
596.892,1.2249054395883279,-0.0881025632718939
597.1282,1.2173063260665216,-0.08539987895333971
597.3643999999999,1.2095442950877597,-0.08262177741880888
597.6006,1.2023787023926449,-0.08004127503454976
597.8368,1.1934798074133273,-0.07681507553954495
598.073,1.1855164356349732,-0.07390757928096896
598.3091999999999,1.1791586867729003,-0.07157225475779606
598.5454,1.1713413500278933,-0.06868347477395895
598.7816,1.1634346022714934,-0.06574197621677355
599.0178000000001,1.1555959069228463,-0.06280599492019504
599.254,1.1507724486414845,-0.060989455628605915
599.4902,1.146707377301233,-0.05945260653509148
599.7264,1.1463313413014609,-0.05931016640982267
599.9626000000001,1.1448699185215931,-0.05875614442473896
600.1988,1.1436596708875022,-0.05829680676036972
600.435,1.1394754160007523,-0.05670495978371377
600.6712,1.1382159742270201,-0.056224676396155415
600.9074,1.1372096938290044,-0.055840553057185466
601.1436,1.1382033718547713,-0.056219867843868204
601.3797999999999,1.1396472013345744,-0.05677042833035946
601.616,1.1420918632934876,-0.05770103746229599
601.8522,1.1435329782824017,-0.058248693717186134
602.0884,1.1450097803929278,-0.05880919632877883
602.3245999999999,1.1486766546984142,-0.06019779470826199
602.5608,1.151405938867786,-0.06122846518412861
602.797,1.1525982604397056,-0.06167795978636895
603.0332000000001,1.1509402807472817,-0.061052789820255846
603.2694,1.1527495756333475,-0.061734971012781616
603.5056,1.1548034934497817,-0.0625080890151153
603.7418,1.1587957274962086,-0.06400688528194755
603.9780000000001,1.161734748926437,-0.06510697983774297
604.2142,1.1660572345662947,-0.06671986778686825
604.4504,1.1761201812270512,-0.07045170216268372
604.6866,1.1897618247719537,-0.07546002984624306
604.9228,1.2049175540279464,-0.08095733151197478
605.159,1.2138095626262355,-0.0841505546237575
605.3951999999999,1.2196634068527825,-0.08623999402269213
605.6314,1.2282463854446792,-0.08928549474153054
605.8676,1.2419445286186492,-0.09410219853554863
606.1038,1.2595266959551086,-0.10020737690211452
606.3399999999999,1.2761057314839048,-0.10588665925793551
606.5762,1.2929937927047008,-0.11159643996116214
606.8124,1.3124201793893182,-0.11807289935044252
607.0486000000001,1.334573594464677,-0.12534252775907212
607.2848,1.3521426004310222,-0.13102249583233025
607.521,1.3678211925470316,-0.13602932825717534
607.7572,1.3866613896355982,-0.14197042317402647
607.9934000000001,1.4182419242108988,-0.15175031927313726
608.2296,1.4537121224644993,-0.162478412022687
608.4658,1.4804590129785318,-0.17039638829832934
608.702,1.4984662664379649,-0.17564697052841044
608.9382,1.5232652573226553,-0.18277553679673866
609.1744,1.5628716413244115,-0.19392331087034634
609.4105999999999,1.5979885670472505,-0.20357366779020464
609.6468,1.618789376138671,-0.20919034552216573
609.883,1.6381351676157383,-0.21434973388820663
610.1192,1.6851365213857978,-0.22663509101313709
610.3553999999999,1.7398492306466173,-0.2405116154462811
610.5916,1.7856982968108408,-0.25180808439656954
610.8278,1.8067804906559128,-0.2569053924681553
611.0640000000001,1.8275709070485824,-0.26187423594044706
611.3002,1.8652495098496877,-0.27073693453773634
611.5364,1.9100926621587782,-0.2810544361943765
611.7726,1.945262439921287,-0.2889782013022928
612.0088000000001,1.9575659118044284,-0.2917163937956474
612.245,1.9639914488533998,-0.2931395925528315
612.4812,1.9734508883160011,-0.29522632292877077
612.7174,1.9786192523662152,-0.2963622305352514
612.9536,1.9802827009634083,-0.2967271936476104
613.1898,1.9832563892999941,-0.29737886209259606
613.4259999999999,1.9819921895654413,-0.2971019387288158
613.6622,1.9630468610494638,-0.2929306670234831
613.8984,1.9242037236497933,-0.28425105074394824
614.1346,1.8754013292433545,-0.2730942194905218
614.3707999999999,1.8338857546738938,-0.2633722769936843
614.607,1.812663845068617,-0.2583172725082347
614.8432,1.8038417158759257,-0.25619842625605316
615.0794000000001,1.8011124188972436,-0.2555408207501433
615.3156,1.7840068444163766,-0.2513965162321234
615.5518,1.7533154347173676,-0.24386005598740898
615.788,1.738572288826847,-0.24019275310723145
616.0242000000001,1.7250621405122932,-0.23680474392843223
616.2604,1.711074368142168,-0.23326888562052084
616.4966,1.6790212386959165,-0.2250561897593119
616.7328,1.6543217138951456,-0.21861997013979512
616.969,1.6332421294419681,-0.21305057401130142
617.2052,1.6114806957997465,-0.2072251073923419
617.4413999999999,1.6079757081537687,-0.20627948353279213
617.6776,1.623880500310707,-0.21055406679852817
617.9138,1.6339614018947295,-0.21324179323549097
618.15,1.620830794138782,-0.20973767924862352
618.3861999999999,1.60038128891439,-0.204223465120897
618.6224,1.584639646647206,-0.19993051749029642
618.8586,1.5653680765034341,-0.1946164727445191
619.0948000000001,1.5427198465213758,-0.18828706659680758
619.331,1.532323996041333,-0.18535060264382097
619.5672,1.5352136431784118,-0.18616882124459325
619.8034,1.5229221091546983,-0.18267769162930786
620.0396000000001,1.492136328660174,-0.17380850415545027
620.2758,1.4593490647838478,-0.1641591841330772
620.512,1.4421871616395987,-0.15902162514953697
620.7482,1.4267510791723619,-0.15434820971472243
620.9844,1.4137373473030954,-0.15036873109281398
621.2206,1.410145352411035,-0.14926388038343036
621.4567999999999,1.4075647035890169,-0.1484683678330059
621.693,1.3915483784456837,-0.1434983095753976
621.9292,1.371184777102331,-0.13709598306719548
622.1654,1.3738972874858797,-0.13795426609653738
622.4015999999999,1.3871460135132974,-0.14212217810682096
622.6378,1.3837014548726874,-0.14104239757188003
622.874,1.3625782611859327,-0.13436145584783488
623.1102000000001,1.355629761035167,-0.13214109462349322
623.3464,1.3768694175713152,-0.13889275367930892
623.5826,1.3956809883214398,-0.14478616266814856
623.8188,1.3895418619924367,-0.1428716350705392
624.0550000000001,1.371733036721675,-0.13726959828038368
624.2912,1.3758796041338583,-0.13858043277454205
624.5274,1.3855177088299302,-0.1416120810370305
624.7636,1.3887894069478193,-0.14263639524482033
624.9998,1.3866286602746831,-0.14196017240285833
625.236,1.4061609738313479,-0.14803504048819197
625.4721999999999,1.4267577201410162,-0.15435023118109517
625.7084,1.4398986563088423,-0.1583319264322759
625.9446,1.4419404515760983,-0.15894732551107535
626.1808,1.4519547653218525,-0.16195308642115272
626.4169999999999,1.4634130052958825,-0.16536691027311556
626.6532,1.4756090195288916,-0.16897130114927342
626.8894,1.4856723666902774,-0.17192304561110808
627.1256000000001,1.5138483539073437,-0.1800823729449201
627.3618,1.5364343833526244,-0.1865140175332506
627.598,1.5610155868860984,-0.19340723955493924
627.8342,1.5671329677308448,-0.19510584694839192
628.0704000000001,1.5835317038611416,-0.1996267627973626
628.3066,1.6172351561090066,-0.20877317363257003
628.5427999999999,1.6761094319842085,-0.22430236999556558
628.779,1.7385072378558895,-0.24017650310344765
629.0152,1.77023175844364,-0.24803012784445452
629.2514,1.7528928225307392,-0.2437553627529742
629.4875999999999,1.7486423134051257,-0.24270098317739874
629.7238,1.7814752536951906,-0.25077979398522693
629.96,1.8299280982388118,-0.2624340257131652
630.1962,1.8618722028841386,-0.2699498681131188
630.4323999999999,1.8825209081564032,-0.2747398083768696
630.6686,1.8912975583877758,-0.27675986189611607
630.9048,1.8689960424467833,-0.27160838177190666
631.1410000000001,1.8246460948177512,-0.2611786419582985
631.3772,1.7895394899727664,-0.2527412864578102
631.6134,1.7771211481637836,-0.24971703511290358
631.8496,1.78402549168566,-0.25140105565631554
632.0858000000001,1.7831722291583556,-0.25119329189142797
632.322,1.7648963338094632,-0.24671920095516067
632.5581999999999,1.7238617986637719,-0.23650244566297213
632.7944,1.684360934801526,-0.22643516032073213
633.0306,1.6435011809503297,-0.21577002048337324
633.2668,1.599000457632726,-0.20384858804100592
633.5029999999999,1.5738711751268701,-0.19696918150385812
633.7392,1.5676135595432925,-0.19523901138258984
633.9754,1.561980190443397,-0.19367552170794244
634.2116,1.5461822779885244,-0.18926069117235708
634.4477999999999,1.5168124905348843,-0.18093189630467227
634.684,1.481432341190867,-0.17068182151404737
634.9202,1.4527864467231397,-0.16220177959330376
635.1564000000001,1.45733416460117,-0.16355914628096577
635.3926,1.4858453043844475,-0.17197359613423438
635.6288,1.4962959447845336,-0.1750174989266129
635.865,1.475889561183169,-0.16905386103499373
636.1012000000001,1.4433125618044558,-0.15936039150071124
636.3374,1.4027760539489482,-0.14698834366042157
636.5735999999999,1.3858477279317358,-0.14171551414881944
636.8098,1.4143167951316313,-0.15054669868843354
637.046,1.4711857795609062,-0.16766751837243787
637.2822,1.4845556994524358,-0.1715964966515227
637.5183999999999,1.4467564602086986,-0.16039543029718867
637.7546,1.405006246897012,-0.14767825519260763
637.9908,1.3784182112362444,-0.13938100224261532
638.227,1.3480270657505318,-0.12969861207177874
638.4631999999999,1.3351051804181993,-0.12551548103831692
638.6994,1.3368399703243519,-0.12607942209762968
638.9356,1.3567567567567582,-0.1325019930780248
639.1718000000001,1.36860951628912,-0.13627955543048403
639.408,1.3806132443514796,-0.14007203529969714
639.6442,1.3854688779000024,-0.1415967745728869
639.8804,1.3821859635975533,-0.14056647829936514
640.1166000000001,1.369254907311085,-0.1364843060837924
640.3528,1.375475045787547,-0.13845271571801346
640.5889999999999,1.400530932594646,-0.1462927052387104
640.8252,1.45119202659388,-0.16172488354196213
641.0614,1.4878556388031943,-0.17256079524707638
641.2976,1.4982743233038143,-0.1755913368546783
641.5337999999999,1.4867105903492694,-0.17222643506726865
641.77,1.443140969590986,-0.1593087561282899
642.0062,1.3692860454334739,-0.136494182229495
642.2424,1.3066391245710787,-0.11615565808686817
642.4785999999999,1.2956194043222196,-0.11247744375845288
642.7148,1.358944501946869,-0.1332017209043954
642.951,1.4392428277958167,-0.15813407390520803
643.1872000000001,1.472485416708051,-0.16805100228794462
643.4234,1.4505648325217375,-0.1615371442225908
643.6596,1.4025063336952606,-0.14690483119927972
643.8958,1.3690236602420223,-0.13641095392197877
644.1320000000001,1.3269010724744505,-0.12283854511010249
644.3682,1.27577048741808,-0.10577255133401843
644.6043999999999,1.2423375819902416,-0.09423962327573526
644.8406,1.2405548958772248,-0.09361598702745876
645.0768,1.229031374696817,-0.08956296969180569
645.313,1.190573288369541,-0.07575613452024786
645.5491999999999,1.1536059277650632,-0.06205747898860168
645.7854,1.1449618673445818,-0.05879102285267365
646.0216,1.147576406462917,-0.059781610811068996
646.2578,1.1350457287410014,-0.055013358744842984
646.4939999999999,1.13628090999011,-0.055485710404328224
646.7302,1.1389697573944844,-0.05651219258562732
646.9664,1.1248833932080278,-0.05110750528204357
647.2026000000001,1.09834769137027,-0.04073984151730571
647.4388,1.092155000290772,-0.03828427847308808
647.675,1.105915917105838,-0.04372210877237983
647.9112,1.112539099687204,-0.04631528300578037
648.1474000000001,1.0977981852873766,-0.040522508536751205
648.3836,1.0854937442762036,-0.03562732494921026
648.6197999999999,1.0763984469689198,-0.0319730624907183
648.856,1.064398468054065,-0.027104240817208306
649.0922,1.06463195691203,-0.027199498190534202
649.3284,1.0737965025994205,-0.030921985114044984
649.5645999999999,1.0798539580231312,-0.03336502445604698
649.8008,1.0603890017719226,-0.025465214633919722
650.037,1.0142763087176194,-0.00615628143202475
650.2732,0.9746407157766002,0.011155449852168106
650.5093999999999,0.95224407562722,0.021251720615465382
650.7456,0.9580747510625998,0.01860060500546828
650.9818,0.9964814583939393,0.0015307778386709273
651.2180000000001,1.0524589442169694,-0.022205163274650844
651.4542,1.0857897252634707,-0.03574572764707803
651.6904,1.086114126042077,-0.03587546218301232
651.9266,1.037374367196664,-0.015935512673782015
652.1628000000001,0.9929403408061359,0.003076844593283558
652.399,0.9529472340365516,0.020931146162502683
652.6351999999999,0.9383591110734977,0.027630924829061102
652.8714,0.9381034470527321,0.027749268223280093
653.1076,0.936352474432404,0.028560637495225662
653.3438,0.9285213437307449,0.03220810877078421
653.5799999999999,0.9201518745681344,0.03614048478134734
653.8162,0.9163135213428854,0.0379559048337905
654.0524,0.933951129955852,0.029675848122988797
654.2886,0.953328626481924,0.02075736581926333
654.5247999999999,0.952773359255333,0.021010394776912047
654.761,0.934593333480531,0.029377321153503933
654.9972,0.9231101286831755,0.03474648377767465
655.2334000000001,0.9211292397264923,0.0356794315161515
655.4696,0.9252995388203841,0.03371765428969901
655.7058,0.9176165841787425,0.03733874598709677
655.942,0.9199402989464097,0.036240356001656614
656.1782000000001,0.9322462893468237,0.030469336601040696
656.4144,0.9358027975438374,0.02881566083647006
656.6505999999999,0.9154760315128869,0.03835302167135947
656.8868,0.8702872039783567,0.06033740195675477
657.123,0.8471545780825717,0.07203733785917038
657.3592,0.8571599080953671,0.06693815039285814
657.5953999999999,0.899023105080321,0.04622914666505483
657.8316,0.9319151306783828,0.03062363695540513
658.0678,0.9283802506455079,0.032274106827608166
658.304,0.894854380812532,0.04824763144937808
658.5401999999999,0.8674956635354024,0.06173268749657322
658.7764,0.856465192024683,0.06729028269121881
659.0126,0.8457692677479247,0.07274809962181923
659.2488000000001,0.8455355543614554,0.0728681258091862
659.485,0.8582205559619618,0.0664010875265627
659.7212,0.8749185258479214,0.05803238746010739
659.9574,0.8658576659468606,0.06255349363428049
660.1936000000001,0.839539291664757,0.0759589734343673
660.4298,0.8104518582643383,0.09127277762127103
660.6659999999999,0.7944996124957455,0.09990631027661483
660.9022,0.798022260460457,0.09798499403736168
661.1384,0.8316272126252944,0.08007130806153837
661.3746,0.8750249041687597,0.057979586304368703
661.6107999999999,0.8990270623824721,0.04622723500038769
661.847,0.8932641901115512,0.04902007600635672
662.0832,0.8711325890129435,0.05991573902869578
662.3194,0.8309192072469777,0.08044120191096493
662.5555999999999,0.7937354610244338,0.10032421666650602
662.7918,0.7833083060978133,0.10606726823165487
663.028,0.8403668852770659,0.07553106933699077
663.2642000000001,0.9154887652872052,0.03834698091303358
663.5004,0.9580418962837376,0.01861549830456377
663.7366,0.925721048704558,0.03351986133033125
663.9728,0.895072977305325,0.048141554238339525
664.2090000000001,0.8812817369987755,0.05488522976763157
664.4452,0.8734428641490939,0.058765498919562745
664.6813999999999,0.8561608920748717,0.06744461385744847
664.9176,0.8642938682322259,0.06333856810874672
665.1538,0.8794999584683125,0.05576417671474406
665.39,0.9027003166356835,0.04445640520492301
665.6261999999999,0.8952483530796795,0.04805646925385919
665.8624,0.8993570408671934,0.04606786099745856
666.0986,0.9045480979748233,0.04356833523901042
666.3348,0.9108473902866682,0.04055438165310099
666.5709999999999,0.9492847503373835,0.022603495738301255
666.8072,0.9784159159159175,0.009476491235224883
667.0434,0.9871644830112576,0.005610478421960726
667.2796000000001,0.9480922316771906,0.023149411860181643
667.5158,0.945142650776455,0.02450263829543109
667.752,0.9472186848023424,0.023549743659038655
667.9882,0.9373178757475517,0.028113100391323934
668.2244000000001,0.8954698420916402,0.04794903587160327
668.4606,0.8619087095234517,0.06453873075275479
668.6967999999999,0.8381631076670082,0.07667145885561094
668.933,0.8306188118811895,0.08059823719955976
669.1692,0.8546892085120713,0.0681917795008424
669.4054,0.912634692583986,0.03970302612722778
669.6415999999999,0.9530367426542304,0.020890355579533785
669.8778,0.9159022231815254,0.038150886811682376
670.114,0.8461982723985548,0.07252786566099981
670.3502,0.8231093486793863,0.08454246567051313
670.5863999999999,0.8360835813065126,0.07775030499424862
670.8226,0.8533640459677022,0.0688656588364013
671.0588,0.848082899775066,0.07156169355086947
671.2950000000001,0.8519886585334144,0.06956618641773467
671.5312,0.8492142223150434,0.07098274104722972
671.7674,0.8464944265027621,0.07237589703179018
672.0036,0.8604895748429009,0.06525438694667977
672.2398000000001,0.9025078935498436,0.044548990962306606
672.476,0.9052014177506716,0.043254774513142843
672.7121999999999,0.8893496020846552,0.050927484912591844
672.9484,0.8601800964986981,0.06541061070170225
673.1846,0.8523998307119609,0.06935664520944114
673.4208,0.8357178224272287,0.07794033601726341
673.6569999999999,0.8493617403811591,0.07090730576065654
673.8932,0.9110192204609863,0.040472460291447104
674.1294,0.9780736337720648,0.009628448344190278
674.3656,0.9960484346112449,0.0017195427279485167
674.6017999999999,0.9580198674209301,0.01862548442687102
674.838,0.9320806254120765,0.03054651934440069
675.0742,0.9162674094707534,0.03797776049242435
675.3104000000001,0.9097350585335814,0.04108506852513386
675.5466,0.914846534084379,0.03865175291741538
675.7828,0.9514042030430288,0.021634934317880154
676.019,1.0322584123082248,-0.01378843080966581
676.2552000000001,1.064046724518183,-0.026960699157218736
676.4914,1.0287795646060007,-0.012322328959818425
676.7275999999999,0.9492502541929514,0.022619277891529597
676.9638,0.9016296634949678,0.04497180849671394
677.2,0.8716977884863624,0.059634055826182676
677.4362,0.8781632311044091,0.05642475086037061
677.6723999999999,0.9243682666086018,0.03415497218614996
677.9086,0.9768074163854964,0.01019105168083422
678.1448,0.9424056598777807,0.02576211427354072
678.381,0.8833245578111912,0.05387969532599423
678.6171999999999,0.8452918231855089,0.07299333209212219
678.8534,0.8697499752940027,0.06060557491688217
679.0896,0.8979436263572822,0.04675092784323578
679.3258000000001,0.9220716406937728,0.035235334966674525
679.562,0.9225863613350482,0.034992969888938324
679.7982,0.8915465545934068,0.049855973997169
680.0344,0.8628044827266848,0.06408760717356574
680.2706000000001,0.8390158268645268,0.07622984673375535
680.5068,0.835104660950321,0.07825909239089412
680.7429999999999,0.8322215089178567,0.07976106397731414
680.9792,0.8414549135321487,0.07496914924106522
681.2154,0.8761047742297945,0.057443953022706364
681.4516,0.9301663467690355,0.03143937722709772
681.6877999999999,0.9994053744997161,0.0002583193828320099
681.924,0.9983640502911554,0.000711065723821529
682.1602,0.9398389036081779,0.026946581793738347
682.3964,0.8819968251151156,0.054532978175966716
682.6325999999999,0.8663942581698415,0.06228443456073337
682.8688,0.8471718373625111,0.07202848996543366
683.105,0.8240014005193607,0.08407205015080504
683.3412000000001,0.819065020285073,0.08668162103546066
683.5774,0.8413977686223814,0.07499864406167969
683.8136,0.8490303030303045,0.07107680892685236
684.0498,0.8217669604467026,0.08525132375086934
684.2860000000001,0.7884086629001895,0.10324861241253347
684.5222,0.7786290734497917,0.10866938407138832
684.7583999999999,0.802505938354675,0.09555174523446111
684.9946,0.8608969035472788,0.06504885423899953
685.2308,0.9086009915930174,0.04162679355799766
685.467,0.9155237527330568,0.038330383697535046
685.7031999999999,0.9207711116933035,0.03584831473556001
685.9394,0.9050472459091974,0.04332874885879285
686.1756,0.9083797888084049,0.041732537273340926
686.4118,0.8990861747076759,0.0461986804509542
686.6479999999999,0.912485899836823,0.039773837743130425
686.8842,0.9290897097625348,0.03194234997424172
687.1204,0.9340650939274809,0.029622857229823298
687.3566000000001,0.9293654921336643,0.03181345715751452
687.5928,0.9133945793964773,0.0393415700721142
687.829,0.8857638552139587,0.052682045660428466
688.0652,0.8832959246545217,0.05389377330376656
688.3014000000001,0.8976902173913061,0.046873507529180125
688.5376,0.9070036568995066,0.042390961927694225
688.7737999999999,0.9069258892267761,0.042428200497659774
689.01,0.9118579234972694,0.04007282378547318
689.2462,0.9042457091237596,0.043713543399403365
689.4824,0.8900826702170497,0.05056965453295391
689.7185999999999,0.8648132254373073,0.06307767741445451
689.9548,0.8593415095720559,0.06583420957062502
690.191,0.8837176889346345,0.05368645186426348
690.4272,0.9360599537590708,0.028696334218225386
690.6633999999999,0.9670232673092559,0.014563076338454085
690.8996,0.9184521978835635,0.03694344222766538
691.1358,0.8583035743537677,0.06635907887798137
691.3720000000001,0.8249080241550573,0.08359447184852574
691.6082,0.8541550076263856,0.06846330864580188
691.8444,0.8628127980007251,0.06408342168276011
692.0806,0.8700146088026288,0.06047345488816106
692.3168000000001,0.8787405931828259,0.05613931101980939
692.553,0.9007868166008188,0.045377978531155175
692.7891999999999,0.9127806269741547,0.039633586038907966
693.0254,0.9002443727020012,0.04563958466048949
693.2616,0.9116183383328178,0.040186947031982036
693.4978000000001,0.9092777586404888,0.04130343182906884
693.7339999999999,0.9190223689293131,0.03667391779306363
693.9702,0.9183765716256903,0.03697920393506573
694.2064,0.9127986717678499,0.039625000540228675
694.4426000000001,0.885671212705538,0.052727471124745094
694.6787999999999,0.8628704110731654,0.06405442326714818
694.915,0.8687621185835307,0.06109912427550107
695.1512,0.9055793476565799,0.043073490419340936
695.3874000000001,0.933794454154428,0.029748709691228847
695.6235999999999,0.9866453408233877,0.0058389306162820055
695.8598,1.0068271507498052,-0.002954918499121078
696.096,0.9982605945604069,0.0007560719328166751
696.3322000000001,0.9543393154773461,0.020297184374635204
696.5683999999999,0.9093018034872429,0.041291947542671265
696.8045999999999,0.8720313635767841,0.05946789490300681
697.0408,0.8197629334219579,0.08631172272876596
697.277,0.7805853140519112,0.10757962380318704
697.5132000000001,0.773403671403307,0.11159377063066406
697.7493999999999,0.8177924078411528,0.08735692563298915
697.9856,0.8690165942755336,0.060971930417287094
698.2218,0.908588826736531,0.04163260817350123
698.4580000000001,0.9177413051973446,0.03727972136791684
698.6941999999999,0.9005035617784346,0.04551456506803394
698.9304,0.8721110706923748,0.05942820048377428
699.1666,0.8366410435592844,0.07746083380979625
699.4028000000001,0.8372938312244984,0.07712210845136189
699.6389999999999,0.8632173245840078,0.063879852041859
699.8752,0.8900060512963757,0.050607040505997285
700.1114,0.8970196411308404,0.04719804754525586
700.3476,0.8897290930506496,0.05074220830238477
700.5837999999999,0.8951482222857708,0.048105046481839636
700.8199999999999,0.8803503670342937,0.05534445036533359
701.0562,0.8158036410780419,0.08841436068039397
701.2924,0.7576843373248003,0.12051169029276158
701.5286000000001,0.7400424298562778,0.13074337956066207
701.7647999999999,0.7595482609909727,0.11944462625651608
702.001,0.7929833753588558,0.10073591743093896
702.2372,0.8241889906182902,0.0839731910073291
702.4734000000001,0.8448285678497838,0.0732314089085705
702.7095999999999,0.814908570096261,0.08889111485525435
702.9458,0.7466041666666681,0.1269095906817576
703.182,0.6993711453633338,0.15529228976767795
703.4182000000001,0.7268601120606017,0.1385491632893262
703.6543999999999,0.8043991981095111,0.09452837101511169
703.8906,0.8567533652749275,0.06714418101252707
704.1268,0.8552965637995199,0.06788327276908283
704.363,0.8483122092775162,0.07144428239867126
704.5991999999999,0.8440823861501984,0.0736151622555958
704.8353999999999,0.8249476913736856,0.08357358850217741
705.0716,0.7712416224629177,0.11280954041463337
705.3078,0.7312459230267462,0.13593654225940127
705.5440000000001,0.7230424642192986,0.1408361958803498
705.7801999999999,0.7423646996936609,0.12938268750679102
706.0164,0.7686808809989356,0.11425392077790635
706.2526,0.7806144970383843,0.10756338755987963
706.4888000000001,0.7851698280574736,0.10503639750798453
706.7249999999999,0.805012166987961,0.09419755563734775
706.9612,0.8316991327842437,0.08003375135683642
707.1974,0.8496124551219691,0.07077912955934144
707.4336000000001,0.8422409192583273,0.07456366273005359
707.6697999999999,0.822976222887741,0.08461271207548174
707.906,0.8100702366572733,0.09147732424449388
708.1422,0.81136438718203,0.09078405848744206
708.3784,0.7823602298703254,0.10659323437951918
708.6145999999999,0.7456745798384363,0.12745066182294493
708.8507999999999,0.7271125317596931,0.13839837024104384
709.087,0.7611811413346825,0.11851198012718879
709.3232,0.813613626704157,0.0895817862986068
709.5594000000001,0.8404269468644027,0.07550003112698905
709.7955999999999,0.8358722579054169,0.07786008850088105
710.0318,0.8001704972462467,0.09681746535312556
710.268,0.7951676223832267,0.09954131184335657
710.5042000000001,0.8151791177455311,0.08874695408019283
710.7403999999999,0.8712282192945197,0.059868066120265975
710.9766,0.8791748866507477,0.055924725890267056
711.2128,0.832136337301459,0.0798055130278986
711.4490000000001,0.7634024376469634,0.11724645762384067
711.6851999999999,0.7267690833408214,0.1386035557999776
711.9214,0.7457674160421883,0.1273965956893993
712.1576,0.8160162930956899,0.08830116976218197
712.3938,0.858156528277063,0.06643348934607987
712.6299999999999,0.8455920350018964,0.07283911648943851
712.8661999999999,0.7907508277261576,0.10196034481000797
713.1024,0.7561698742781595,0.12138062887162719
713.3386,0.7453603352531959,0.12763372217918098
713.5748000000001,0.7546871916321308,0.12223302068660785
713.8109999999999,0.7677149370725475,0.1148000094451586
714.0472,0.7644579065700738,0.1166464231982077
714.2834,0.7562336675307924,0.12134399174819861
714.5196000000001,0.7433695090439291,0.12879525643042206
714.7557999999999,0.7392289551932754,0.1312210303778047
714.992,0.7331797706797719,0.13478952625666718
715.2282,0.7450912523599762,0.1277905353463321
715.4644000000001,0.7636954353910007,0.11707980516854806
715.7005999999999,0.7759718227938102,0.11015404862240516
715.9368,0.7459491278619464,0.12729078947396194
716.173,0.7239676840215452,0.14028081911272905
716.4092,0.7174170906488657,0.14422828156849357
716.6453999999999,0.7452524224371078,0.12769660362225707
716.8815999999999,0.7601533497203103,0.11909878637815072
717.1178,0.7521755351866989,0.12368079628746403
717.354,0.7237434803224289,0.14041533548937257
717.5902000000001,0.699416635120314,0.1552640425228532
717.8263999999999,0.7155771127584082,0.1453435584927117
718.0626,0.7581065012694039,0.12026977897931095
718.2988,0.7982023677767732,0.09788698826477205
718.5350000000001,0.785424172944646,0.10489573660912156
718.7711999999999,0.7729337260359705,0.11185774236988685
719.0074,0.7853586636095659,0.10493196102167925
719.2436,0.8189230375635436,0.08675691134340255
719.4798000000001,0.8350587998793865,0.07828294300254161
719.7159999999999,0.8142976607028908,0.08921681283737942
719.9522,0.7875532108812915,0.10372009352385972
720.1884,0.7459363588941066,0.1272982236803026
720.4246,0.7179903582955443,0.14388138774538278
720.6607999999999,0.7118341152338605,0.14762120191411596
720.8969999999999,0.7389246132122442,0.13139986706658474
721.1332,0.77886750178226,0.10853641670365739
721.3694,0.8106210158338486,0.09118214110461473
721.6056000000001,0.8285772240549182,0.08166700876789203
721.8417999999999,0.8068427011899436,0.09321112533232447
722.078,0.7563422569542534,0.1212816348288271
722.3142,0.718047135995777,0.1438470456867428
722.5504000000001,0.7168027025113544,0.1446003659525775
722.7865999999999,0.7339340068157238,0.13434298880909093
723.0228,0.7384356182956509,0.1316873633686801
723.259,0.7295221169036347,0.1369615370760775
723.4952000000001,0.7250325814536354,0.1396424767013002
723.7313999999999,0.7202859162361012,0.14249507690836277
723.9676,0.7055342847198062,0.15148187729893808
724.2038,0.6881469763827612,0.1623187940102568
724.44,0.702618101667918,0.15328066559833256
724.6761999999999,0.7469385787291498,0.126715109049019
724.9123999999999,0.7826378666346235,0.10643914330906692
725.1486,0.7858540393134852,0.10465811020388818
725.3848,0.7993990753377571,0.0972363584226014
725.6210000000001,0.8313577049506937,0.08021207385646206
725.8571999999999,0.8869560061662534,0.0520979210398301
726.0934,0.9100434666472421,0.040937863861087095
726.3296,0.8877872376094185,0.05169110246862058
726.5658000000001,0.821616979511718,0.08533059420137284
726.8019999999999,0.7626561065907673,0.11767124799173867
727.0382,0.7371178610046215,0.1324630653410666
727.2744,0.7123943932411687,0.1472795072239594
727.5106000000001,0.7077459795217981,0.15012258904368897
727.7467999999999,0.7166529211576574,0.14469112455656247
727.983,0.7492963468067215,0.1253463847988692
728.2192,0.7673362875430835,0.11501426340870032
728.4554,0.7722255429368413,0.11225583729749758
728.6915999999999,0.7732829808660636,0.11166154807527084
728.9277999999999,0.7674538298516513,0.11494774229220049
729.164,0.7799961331420269,0.1079075503341898
729.4002,0.7845833333333349,0.10536092169494037
729.6364000000001,0.7714181936359564,0.11271012266141453
729.8725999999999,0.728557251977896,0.13753631453077306
730.1088,0.6966628060441199,0.15697737528571046
730.345,0.6849251700680282,0.16435687376557673
730.5812000000001,0.6867328777860783,0.16321215997543803
730.8173999999999,0.697058741219602,0.1567306223143345
731.0536,0.6945332851276071,0.15830693610223806
731.2898,0.6908583265784033,0.16061100370182577
731.5260000000001,0.6810439584597401,0.16682485534071478
731.7621999999999,0.6758363986687698,0.17015842203832401
731.9984,0.6666755389938791,0.17608547929001614
732.2346,0.6822031552726276,0.16608627625913736
732.4708,0.7304485279589028,0.13641038179813825
732.7069999999999,0.7748201964529916,0.11079906749116611
732.9431999999999,0.7687536304041173,0.11421282027571081
733.1794,0.7311125877560467,0.13601573866991395
733.4156,0.693997045842511,0.1586423782152125
733.6518000000001,0.6667847174791103,0.17601436263910097
733.8879999999999,0.6621573759729106,0.17903877884754266
734.1242,0.6964555998179988,0.1571065653400595
734.3604,0.7413908928936542,0.12995275306545734
734.5966000000001,0.7554794321711628,0.12177735477453973
734.8327999999999,0.7552983689813471,0.12188145313305315
735.069,0.721519468186136,0.1417519461896911
735.3052,0.7019887955182084,0.15366981961299828
735.5414000000001,0.6967206286618732,0.1569413305858692
735.7775999999999,0.7129235776071265,0.14695702218510442
736.0138,0.7142422426991519,0.14615446774080582
736.25,0.7023073582272995,0.15347278136191056
736.4862,0.7095905818144953,0.1489921574000315
736.7223999999999,0.7183862433862445,0.14364199270857836
736.9585999999999,0.7262430168940696,0.1389180304900156
737.1948,0.7564255827854167,0.12123379146812073
737.431,0.8074717996481439,0.09287263614368245
737.6672000000001,0.8405609832965663,0.07543077270824426
737.9033999999999,0.8288069636456747,0.08154660863626323
738.1396,0.7965652986910752,0.0987786169767048
738.3758,0.7520558023449663,0.12374993367515098
738.6120000000001,0.7062037236719155,0.15106999681837366
738.8481999999999,0.6938525529177472,0.15873280945528603
739.0844,0.6967317129444764,0.15693442135384625
739.3206,0.6967170856598606,0.15694353908964034
739.5568000000001,0.6851928374655658,0.16418718549847028
739.7929999999999,0.6962672931349527,0.15722400514702262
740.0292,0.7293513723576365,0.1370631955338211
740.2654,0.7488433390348552,0.12560902890800843
740.5016,0.7271084559501431,0.13840080467379082
740.7377999999999,0.6971711293236171,0.1566606058349256
740.9739999999999,0.67479505710671,0.17082810729088913
741.2102,0.6746314850758023,0.17093339413466196
741.4464,0.6821318169337207,0.1661316930337489
741.6826000000001,0.6969615871826449,0.15679115724535914
741.9187999999999,0.7199357144139786,0.1427062815155719
742.155,0.7398321089394321,0.130866824098473
742.3912,0.7684162320791055,0.11440346964594038
742.6274000000001,0.7620603623228894,0.11801062710465077
742.8635999999999,0.7518200728029133,0.12388608326284695
743.0998,0.7317048735393508,0.13566405232727569
743.336,0.7284493082039105,0.13760066480449815
743.5722000000001,0.7353881534664584,0.13348337055851708
743.8083999999999,0.7436155163427903,0.12865155678105897
744.0446,0.7526805445666124,0.12338930954904448
744.2808,0.7518926637389884,0.12384415259054232
744.517,0.7382622632090601,0.13178933027579773
744.7531999999999,0.7227453712064542,0.14101468106987058
744.9893999999999,0.7009856608426869,0.1542908657431686
745.2256,0.6887329647352469,0.1619491299375815
745.4618,0.6985449434892754,0.15580564669872998
745.6980000000001,0.7225945039239359,0.14110534601264677
745.9341999999999,0.7194569002229525,0.14299521778851818
746.1704,0.7188825472125461,0.14334205991509233
746.4066,0.7184416566025034,0.1436084943973918
746.6428000000001,0.7375117011318195,0.13223108491363886
746.8789999999999,0.7285850786354374,0.13751972731953416
747.1152,0.7092572761859998,0.14919620013384452
747.3514,0.699570966690454,0.15516822273219827
747.5876000000001,0.7080365054049278,0.14994435009666476
747.8237999999999,0.7217627951891857,0.14160550833979105
748.06,0.7326832753858097,0.13508372178234476
748.2962,0.7400931491166457,0.1307136159427536
748.5324,0.7534938732204521,0.12292027465308827
748.7685999999999,0.7565244488301447,0.12117703218746131
749.0047999999999,0.743587117040984,0.1286681431692068
749.241,0.7273318304246151,0.13826740586280792
749.4772,0.7313091409422043,0.1358989981114449
749.7134000000001,0.7540021253256558,0.12262742997120248
749.9495999999999,0.7385710716962288,0.1316077067699801
750.1858,0.7223868752631759,0.14123015313275558
750.422,0.7060330493034515,0.15117496921139664
750.6582000000001,0.7137895746206729,0.14642979949856835
750.8943999999999,0.7028081805247564,0.1531631920599469
751.1306,0.7010248278147271,0.15426660058970226
751.3668,0.7202521670606786,0.1425154263608728
751.6030000000001,0.7379312681592176,0.13198408702420272
751.8391999999999,0.7501506537060822,0.12485150793791527
752.0754,0.7346741605128088,0.13390523461328727
752.3116,0.7441260579688657,0.1283534869771111
752.5478,0.7556629913749878,0.12167184685090035
752.7839999999999,0.77559717489517,0.11036378150368938
753.0201999999999,0.7845217206359346,0.10539502783008048
753.2564,0.7715495764823131,0.11263616279467928
753.4926,0.7462177050197853,0.1271344509516145
753.7288000000001,0.7121223235608164,0.14744539978374935
753.9649999999999,0.6938491598280587,0.15873493325482416
754.2012,0.7052856127044332,0.1516349753455361
754.4374,0.7318106995884784,0.1356012451114158
754.6736000000001,0.7419652689538342,0.12961642336614929
754.9097999999999,0.7272589982381082,0.13831089660413262
755.146,0.6983128995074934,0.155949935428294
755.3822,0.6674310874650287,0.17559356873293808
755.6184000000001,0.6371262652858237,0.19577449092553395
755.8545999999999,0.6159864454078844,0.21042884424681987
756.0908,0.6279459812676985,0.20207771461694063
756.327,0.67643385233629,0.16977466613200715
756.5632,0.737768638563584,0.1320798099227975
756.7993999999999,0.7523124009122443,0.12360177933012752
757.0355999999999,0.7229668916747036,0.14088159079981846
757.2718,0.6947878787878795,0.15814776682461776
757.508,0.6969512332724039,0.1567976090779528
757.7442000000001,0.7235063437139572,0.1405576566280284
757.9803999999999,0.7351952845259747,0.13359728713733723
758.2166,0.7154397515817993,0.1454269330534157
758.4528,0.6919515751950196,0.1599242976840884
758.6890000000001,0.7145568765735082,0.14596319696548365
758.9251999999999,0.7563966716772228,0.12125039082038279
759.1614,0.7512639354408314,0.12420745904388021
759.3976,0.676013938121365,0.17004434964003087
759.6338000000001,0.6227704449389017,0.2056720060983209
759.8699999999999,0.6068370510069158,0.2169279108177141
760.1062,0.6307070170389564,0.20017233716214958
760.3424,0.6565098825809658,0.1827587319993664
760.5786,0.6793161062919144,0.16792808835233355
760.8147999999999,0.6917764936083394,0.16003419928845436
761.0509999999999,0.6838257804858026,0.1650545301675765
761.2872,0.7027687171712541,0.15318757879637665
761.5234,0.7118373885117544,0.1476192048712261
761.7596000000001,0.7308029502368725,0.13619970807783618
761.9957999999999,0.7366094326258465,0.1327627241029822
762.232,0.7721926038757734,0.11227436240029123
762.4682,0.8061558611656856,0.0935809841251042
762.7044000000001,0.8044443317013784,0.09450400410864951
762.9405999999999,0.7834747264887514,0.10597500854256049
763.1768,0.7625245274583353,0.11774618218643651
763.413,0.7463415036317029,0.12706240683593087
763.6492000000001,0.7403921763386401,0.1305381790478596
763.8853999999999,0.7355839971065253,0.13336772756328247
764.1216,0.7316145358342997,0.13571767447786018
764.3578,0.7317745715838231,0.13562268587523904
764.594,0.747370290539505,0.12646417021557985
764.8301999999999,0.7690193762202436,0.11406271757240637
765.0663999999999,0.7827180364148487,0.10639465848215976
765.3026,0.7797806294835318,0.10802755731538417
765.5388,0.777843103631302,0.10910799439690798
765.7750000000001,0.7780555488135413,0.10898939570697165
766.0111999999999,0.7812400480145036,0.10721550196135811
766.2474,0.7979975408396288,0.09799844699692085
766.4836,0.8171521448690794,0.08769707501541565
766.7198000000001,0.8172244601521802,0.08765864307955465
766.9559999999999,0.8218430499774042,0.08521111316182653
767.1922,0.7974645088717569,0.09828863610042174
767.4284,0.8040108641245939,0.09473808284671743
767.6646000000001,0.8131918857208811,0.0898069635364924
767.9007999999999,0.8346709470304987,0.07848470302436987
768.137,0.8235821621032704,0.08429306829977183
768.3732,0.7913508049960303,0.10163095152113841
768.6094,0.7756053235572905,0.11035921869645125
768.8455999999999,0.7568179885097477,0.12100855390848818
769.0817999999999,0.7479665430079042,0.12611782795374107
769.318,0.7496871769762264,0.12511991748000878
769.5542,0.7633957648254948,0.11725025376341938
769.7904000000001,0.7541459173187901,0.12254461572805984
770.0265999999999,0.7547675969102353,0.12218675289654914
770.2628,0.7776978934502853,0.10918907741642757
770.499,0.7946762589928068,0.09980976136643617
770.7352000000001,0.7668432129888763,0.11529342183228493
770.9713999999999,0.724867493738716,0.13974137549461166
771.2076,0.7128498919543705,0.1470019118861671
771.4438,0.7155756696476915,0.1453444343391325
771.6800000000001,0.7298938911288835,0.1367402711763706
771.9161999999999,0.749718823880461,0.12510158478576514
772.1524,0.7647574495155207,0.11647628385263191
772.3886,0.7526940932626645,0.12338149206124484
772.6248,0.73346655463966,0.13461968477448433
772.8610000000001,0.7476202627570164,0.12631893644742437
773.0971999999999,0.7784261972217525,0.10878255671015707
773.3334,0.7926598283029552,0.10091315112719457
773.5696,0.7981592676444543,0.09791043927890895
773.8058000000001,0.8183628824240061,0.08705407666148492
774.0419999999999,0.8304113365414855,0.08070673058930182
774.2782,0.8167862980598405,0.08789155633607632
774.5144,0.7893586750615084,0.10272561376839093
774.7506000000001,0.7714352830631913,0.11270050172973256
774.9867999999999,0.752757849263289,0.12334470725464441
775.223,0.7428065314650386,0.12912428618326147
775.4592,0.7592166166585267,0.1196342952539293
775.6954000000001,0.7928694221070738,0.10079833087638372
775.9315999999999,0.8004942189604884,0.0966418001377175
776.1677999999999,0.7658890983349054,0.11583411217955986
776.404,0.6994624811868425,0.1552355758834055
776.6402,0.6565510790405567,0.18273148056839242
776.8764000000001,0.6433025169947862,0.1915847493694
777.1125999999999,0.6746099753811844,0.17094724123609567
777.3488,0.7111357687492895,0.14804747664061396
777.585,0.7277845404747421,0.13799717389105953
777.8212000000001,0.7198136200716856,0.14277994003096275
778.0573999999999,0.7043176643329865,0.15223141933712978
778.2936,0.7033584088814598,0.15282331604084742
778.5298,0.7040494449547499,0.15239683955540642
778.7660000000001,0.7104783940698853,0.14844912460336468
779.0021999999999,0.705317309539566,0.15161545778977725
779.2384,0.7041297998300384,0.15234727529844272
779.4746,0.7190766550522656,0.1432248104631418
779.7108000000001,0.7440506724357124,0.12839748648392088
779.9469999999999,0.7666439031793012,0.11540631375040072
780.1831999999999,0.7751356638796386,0.11062228082515684
780.4194,0.7890781445096249,0.102879985321893
780.6556,0.8027543738215158,0.0954173194937871
780.8918000000001,0.7992769001021782,0.09730273839147012
781.1279999999999,0.768533456249521,0.11433722179040881
781.3642,0.7359664871334539,0.13314196118476126
781.6004,0.7176294018595805,0.14409977620171457
781.8366000000001,0.7127659574468094,0.1470530508988717
782.0727999999999,0.707465560550453,0.15029469676048132
782.309,0.7017517474504419,0.15381649724409052
782.5452,0.6961178609280363,0.15731722300839124
782.7814000000001,0.6993402126973018,0.15531149871467478
783.0175999999999,0.7076736103998971,0.1501669992108973
783.2538,0.7139045339825196,0.14635985984370783
783.49,0.7250825981573459,0.13961251773150457
783.7262000000001,0.7491602790457332,0.12542525725590936
783.9623999999999,0.753470380194519,0.12293381563988168
784.1985999999999,0.7373719520727019,0.13231338597552358
784.4348,0.7085180459745268,0.14964908378300065
784.671,0.703034116331097,0.15302359934030496
784.9072000000001,0.7072335756792986,0.15043712951915103
785.1433999999999,0.7170601891172648,0.1444443886775315
785.3796,0.7271820665134638,0.13835684005875207
785.6158,0.7458608058608068,0.12734221393079564
785.8520000000001,0.7437943070219185,0.1285471500405422
786.0881999999999,0.7221037222919291,0.1414004163033573
786.3244,0.6937140095840222,0.15881953481631333
786.5606,0.6943619185268461,0.15841410555501584
786.7968000000001,0.7295406658238527,0.13695049479086296
787.0329999999999,0.7759856630824383,0.11014630258421272
787.2692,0.7983371298405479,0.0978136716686044
787.5054,0.7884657812293177,0.10321714995176612
787.7416000000001,0.7695843928227682,0.11374374837627184
787.9777999999999,0.7722087369794522,0.11226528895840976
788.2139999999999,0.7754885950980183,0.11042458485542975
788.4502,0.7492377883970863,0.12538032676066918
788.6864,0.7128188232710111,0.14702084048802397
788.9226000000001,0.7050595846101474,0.15177417921580955
789.1587999999999,0.7250868436257834,0.1396099748789766
789.395,0.7346565139599728,0.13391566630256566
789.6312,0.751407018785697,0.12412475257092889
789.8674000000001,0.7810522598870067,0.10731990668449369
790.1035999999999,0.8176993469762168,0.0874063490801541
790.3398,0.7995907414094648,0.0971322432908631
790.576,0.7674880219028071,0.11492839378186132
790.8122000000001,0.7574907900122807,0.12062264318362563
791.0483999999999,0.77302319083543,0.11180747697329114
791.2846,0.7748925980702877,0.11075848755531408
791.5208,0.7568135497926779,0.12101110104136877
791.7570000000001,0.7344277150425212,0.13405094255991884
791.9931999999999,0.7412498218611951,0.13003539799828367
792.2293999999999,0.7617583369424001,0.11818278401271612
792.4656,0.7723742775289175,0.11217219801183846
792.7018,0.7556970371286117,0.12165228052301721
792.9380000000001,0.7284416297737463,0.13760524263494944
793.1741999999999,0.712851759696454,0.14700077399019915
793.4104,0.7197298791564657,0.14283046746198522
793.6466,0.7340724991886406,0.1342610457478363
793.8828000000001,0.7537495803961068,0.12277291661856654
794.1189999999999,0.7609484471754812,0.1186447648662312
794.3552,0.7496536015302373,0.12513936820279575
794.5914,0.7272484867877246,0.13831717373222652
794.8276000000001,0.7217078394593667,0.14163857720818093
795.0637999999999,0.7490118712452828,0.1255112990222115
795.3,0.7923678121395782,0.10107317484738744
795.5362,0.8324990916034507,0.07961623170971938
795.7724000000001,0.8519103965314798,0.06960608168677161
796.0085999999999,0.8434363679553428,0.07394767666500068
796.2447999999999,0.8045569154059731,0.09444322791991083
796.481,0.7698485125022825,0.11359472503124159
796.7172,0.7660396631788347,0.11574874335205243
796.9534000000001,0.7820088644734388,0.10678832396051048
797.1895999999999,0.7804386510301662,0.10766123041865908
797.4258,0.7626494875218103,0.11767501723658311
797.662,0.7381716228629411,0.13184265417005137
797.8982000000001,0.7237201718688407,0.14042932234529198
798.1343999999999,0.7120477876456285,0.1474908585901722
798.3706,0.7132552083333341,0.1467550483534401
798.6068,0.7365429226715043,0.13280193919988406
798.8430000000001,0.7837384162921044,0.10582886501621433
799.0791999999999,0.827094395280237,0.08244492211630354
799.3154,0.8526659082290492,0.06922110087736191
799.5516,0.8293186003683253,0.08127859393670055
799.7878000000001,0.7957553807799195,0.0992204160621253
800.0239999999999,0.77886754083081,0.10853639493028862
800.2601999999999,0.7849499186713474,0.10515805120189774
800.4964,0.7888538290367136,0.10300346209323717
800.7326,0.7627374468765877,0.11762493123991889
800.9688000000001,0.7258018241624806,0.13918194461892347
801.2049999999999,0.7216404714481987,0.14167911843486503
801.4412,0.7474880036611555,0.12639577288389373
801.6774,0.7709530577354847,0.112972064733862
801.9136000000001,0.7548557598311869,0.12213602677343996
802.1497999999999,0.7373180167533339,0.132345153753276
802.386,0.7484892314398375,0.12581444349714613
802.6222,0.7688366546074776,0.1141659196757651
802.8584000000001,0.7662572712762058,0.11562539128573156
803.0945999999999,0.7534907740282449,0.12292206095141109
803.3308,0.758698593073594,0.11993072128843195
803.567,0.7675301458458447,0.11490455797795203
803.8032000000001,0.7601105041231341,0.11912326582148601
804.0393999999999,0.7403027914215844,0.13059061304288905
804.2755999999999,0.7296004299130352,0.13691491877393316
804.5118,0.7397595593896213,0.13090941405061593
804.748,0.7577393075356422,0.12048018324939569
804.9842000000001,0.7579500139265367,0.1203594347263825
805.2203999999999,0.742684231155045,0.12919579702832604
805.4566,0.7380994364008028,0.13188512629196025
805.6928,0.7544433648615608,0.12237335661906194
805.9290000000001,0.7793975520907263,0.10824096256072557
806.1651999999999,0.7854340827313809,0.10489025710047672
806.4014,0.7719532177708793,0.11240901816113358
806.6376,0.7456668667815722,0.12745515407123895
806.8738000000001,0.7264934622589746,0.13876828958017426
807.1099999999999,0.72459303210102,0.13990584658443458
807.3462,0.7437099577205414,0.12859640359503346
807.5824,0.7746482645934208,0.11089544771452474
807.8186000000001,0.7929549269002901,0.10075149812352636
808.0547999999999,0.7855962407661836,0.10480060340136238
808.2909999999999,0.7594226038644529,0.11951648042837218
808.5272,0.7629457027573189,0.11750636877115352
808.7634,0.7859634295220089,0.10459766099148948
808.9996000000001,0.8221794320284611,0.08503339190530729
809.2357999999999,0.8306494570784684,0.08058221445317346
809.472,0.8260324635298962,0.08300288433234242
809.7082,0.8059884706680239,0.09367117055355638
809.9444000000001,0.7886729387638252,0.10310306059044592
810.1805999999999,0.7961199507125263,0.09902149255393992
810.4168,0.8104774373031143,0.09125907087240284
810.653,0.8065150352145876,0.0933875319949637
810.8892000000001,0.7832093933463804,0.1061221125046682
811.1253999999999,0.7668465769036239,0.11529151671480664
811.3616,0.7524004835779714,0.12355093399462914
811.5978,0.7426449051829979,0.12921879402238173
811.8340000000001,0.7439453209489741,0.12845898338260958
812.0701999999999,0.7551631229504634,0.1219592261916618
812.3063999999999,0.7721870678723237,0.11227747595558334
812.5426,0.7832069318203755,0.10612347743829897
812.7788,0.8004177456232262,0.0966832914241164
813.0150000000001,0.806828589957013,0.09321872096921581
813.2511999999999,0.8144794838780011,0.08911985076712536
813.4874,0.8165494095882602,0.08801753087550926
813.7236,0.8028705034514879,0.09535449727636362
813.9598000000001,0.7734627201101615,0.11156061388525466
814.1959999999999,0.7510690888757576,0.12432011154786451
814.4322,0.7418684343576208,0.12967310725297385
814.6684,0.7570169007200204,0.12089442458511697
814.9046000000001,0.7822404940984794,0.10665970576011365
815.1407999999999,0.801978923244302,0.09583704523076983
815.377,0.7981858970629127,0.09789594991940263
815.6132,0.7839488427656087,0.10571227663889593
815.8494000000001,0.7741968080739191,0.1111486235605166
816.0855999999999,0.7786620243720477,0.10865100548599534
816.3217999999999,0.7977889591531748,0.09811197831952488
816.558,0.8103538411652216,0.0913253049357362
816.7942,0.7991902781303505,0.09734980779011086
817.0304000000001,0.7849253760012302,0.10517163030112951
817.2665999999999,0.7902463665253568,0.10223749232687099
817.5028,0.8060508877340092,0.09363753938046339
817.739,0.8103660224105871,0.0913187766667072
817.9752000000001,0.8242489086141886,0.08394161923260957
818.2113999999999,0.834864290835026,0.07838411437444223
818.4476,0.8379563798041304,0.07677858817572186
818.6838,0.8312009066907762,0.08029399171340773
818.9200000000001,0.8409095430401665,0.07525071891240726
819.1561999999999,0.8461424701366631,0.07255650600962106
819.3924,0.8154852079931281,0.08858391217762734
819.6286,0.76857561300623,0.11431339986757397
819.8648000000001,0.7651143869359941,0.11627363164188377
820.1009999999999,0.7777799701400271,0.10914324525858694
820.3371999999999,0.7966320199822746,0.09874224145903264
820.5734,0.7852335477164955,0.10500115421095138
820.8096,0.7865928189457609,0.10425002271964355
821.0458000000001,0.7838523601502404,0.10576572967545314
821.2819999999999,0.7742233045531702,0.11113376031424911
821.5182,0.7685427172672734,0.11433198846628857
821.7544,0.7751822336367421,0.11059618941697262
821.9906000000001,0.8008416615944457,0.09645334195988527
822.2267999999999,0.832270325328303,0.0797355898989762
822.463,0.852863632252994,0.06912040434776752
822.6992,0.8369672977389436,0.0772915105718291
822.9354000000001,0.8027206855021825,0.09543554544019249
823.1715999999999,0.7702865704236985,0.11334767378844562
823.4078,0.7442167837756435,0.128300539878911
823.644,0.7348335762876588,0.13381100796869944
823.8802000000001,0.7320320501235021,0.13546990406856305
824.1163999999999,0.7460145790943372,0.12725268518369431
824.3525999999999,0.7576095025983675,0.12055458667089589
824.5888,0.7780308926729577,0.10900315847170751
824.825,0.7844906124373268,0.10541224900637633
825.0612000000001,0.7785729160750468,0.10870070799486715
825.2973999999999,0.7650725203372933,0.11629739662472333
825.5336,0.776436413022976,0.10989410542674131
825.7698,0.8012653637435089,0.0962236300783586
826.0060000000001,0.8230884657265034,0.08455348421412195
826.2421999999999,0.8169371363813073,0.08781136130492513
826.4784,0.7962108880448553,0.09897188781011262
826.7146,0.7631590442493347,0.11738494455891807
826.9508000000001,0.7322114230861537,0.13536350005898787
827.1869999999999,0.7227945949135547,0.14098510377020143
827.4232,0.742913915382735,0.12906150688574175
827.6594,0.7796381536887876,0.10810691566645964
827.8956000000001,0.8123420221169045,0.09026108031059002
828.1317999999999,0.8128264654672094,0.09000216428844093
828.3679999999999,0.7838532909894773,0.10576521394299554
828.6042,0.7599828305126327,0.11919621916374783
828.8404,0.7655897821187087,0.11600387146824821
829.0766000000001,0.776039667306463,0.11011607919024662
829.3127999999999,0.7663493993452017,0.11557317865634856
829.549,0.753549864283473,0.12288800404393217
829.7852,0.7742670665896636,0.11110921303733327
830.0214000000001,0.8111817597944772,0.09088182343192924
830.2575999999999,0.8445938712699059,0.0733520743239906
830.4938,0.8601292362686475,0.06543629017323103
830.73,0.8511540305458541,0.06999183995901435
830.9662000000001,0.811833660772758,0.09053294564647858
831.2023999999999,0.7755770597149136,0.1103750451149503
831.4386,0.753314135044169,0.12302388347131754
831.6748,0.7604498548162344,0.11892941868477237
831.9110000000001,0.7761952184996594,0.11002903691887063
832.1471999999999,0.7965804048708012,0.09877038103132559
832.3833999999999,0.8183676564653449,0.08705154314755509
832.6196,0.8344859103342146,0.07858099165790412
832.8558,0.8258443878062985,0.0831017782047583
833.0920000000001,0.8099718647663863,0.09153006653977323
833.3281999999999,0.8142988335059311,0.08921618733942387
833.5644,0.8427897623158505,0.07428074857027125
833.8006,0.8569065674249859,0.06706652867638531
834.0368000000001,0.8432271829946768,0.07405540161646362
834.2729999999999,0.818573489594657,0.08694232456881826
834.5092,0.7948028848338503,0.09974056523465744
834.7454,0.7774546011213389,0.10932496186143423
834.9816000000001,0.7493766593917695,0.12529983787048277
835.2177999999999,0.73950887251389,0.13105661103732894
835.454,0.7276765560952717,0.13806161672684852
835.6902,0.7350714428366536,0.13367044904929237
835.9264000000001,0.748676609892458,0.12570573486089626
836.1625999999999,0.7744655453754684,0.11099789848082965
836.3987999999999,0.7964397024799716,0.09884709854644645
836.635,0.8008127783326119,0.09646900556487077
836.8712,0.8057608924034924,0.09379381491428461
837.1074000000001,0.8212301860559686,0.08553509559394647
837.3435999999999,0.8381929409225509,0.0766560010198228
837.5798,0.835503568012949,0.07805169111466359
837.816,0.8103236378533399,0.0913414921560274
838.0522000000001,0.7787175266314744,0.1086200505078118
838.2883999999999,0.7527280328040191,0.12336190983872275
838.5246,0.7432903019439576,0.12884153360321365
838.7608,0.7456291643216363,0.12747711345417345
838.9970000000001,0.7656774177721364,0.11595416142320067
839.2331999999999,0.7887730392341387,0.10304794227570452
839.4694,0.7978570667268553,0.09807490400233489
839.7056,0.7760329102542793,0.11011986065062386
839.9418000000001,0.7507188073837835,0.12452270383431822
840.1779999999999,0.7441655817541838,0.1283304203127377
840.4141999999999,0.7600900734160043,0.11913493920656357
840.6504,0.7704199238324323,0.11327249444712838
840.8866,0.7730951347884331,0.11176705980560062
841.1228000000001,0.7769736513174349,0.109593708717065
841.3589999999999,0.7969874952633581,0.09854849263240102
841.5952,0.8177687325602241,0.08736949874152247
841.8314,0.8203502822681653,0.0860006681365289
842.0676000000001,0.8046140881124828,0.094412367568949
842.3037999999999,0.787438082275217,0.1037835855807792
842.54,0.8109276729559759,0.09101787900322414
842.7762,0.8488276670574455,0.0711804732931492
843.0124000000001,0.8981666462809704,0.04664307664480376
843.2485999999999,0.9002062445120593,0.0456579787917596
843.4848,0.8580384572372107,0.06649324665989811
843.721,0.7911277702523003,0.10175337056760264
843.9572000000001,0.7565185807089317,0.12118040088565717
844.1933999999999,0.7749526626860984,0.11072482518671789
844.4295999999999,0.7849759080913491,0.10514367210002783
844.6658,0.7853811490572112,0.10491952700077084
844.902,0.7699725256715128,0.11352477114197616
845.1382000000001,0.785179554928185,0.1050310173978995
845.3743999999999,0.7696677826115506,0.1136966921164482
845.6106,0.7271098668786478,0.13839996194136978
845.8468,0.6948088217870387,0.15813467607826484
846.0830000000001,0.7121963181587297,0.14740027582812304
846.3191999999999,0.775548862495502,0.11039083480245598
846.5554,0.8399214124305161,0.07576134696719386
846.7916,0.8678759125580264,0.06154236508125583
847.0278000000001,0.8659593676393735,0.06250248537757351
847.2639999999999,0.8535217540947108,0.06878540534843684
847.5002,0.8240024335727237,0.0840715056746748
847.7364,0.7869359674071805,0.10406060453178063
847.9726,0.7684288952449513,0.11439631272042772
848.2087999999999,0.7683369097366018,0.11444830346437769
848.4449999999999,0.7730164003002015,0.11181129200105093
848.6812,0.7765042287068448,0.10985617483684235
848.9174,0.7746127741296744,0.11091534534595379
849.1536000000001,0.7655954519316851,0.11600065517745027
849.3897999999999,0.7387032485604894,0.1315299910984224
849.626,0.7083240944470037,0.14976798493124158
849.8622,0.6949914407826874,0.1580205439620272
850.0984000000001,0.7132008799026499,0.1467881296909767
850.3345999999999,0.7521886507181708,0.12367322364913753
850.5708,0.7974188972688194,0.09831347662154778
850.807,0.8160313105538829,0.08829317734920206
851.0432000000001,0.8216002425978629,0.08533944117453476
851.2793999999999,0.8016044450391562,0.09603988323004183
851.5156,0.7736946049207266,0.1114304315272095
851.7518,0.7540051956081071,0.12262566153585344
851.988,0.7639229506906229,0.11695044217998322
852.2241999999999,0.774745614524621,0.11084087342123583
852.4603999999999,0.7822312558174885,0.10666483481975549
852.6966,0.7836327193864333,0.10588743899644386
852.9328,0.7977502783194023,0.09813303561761144
853.1690000000001,0.8109316721670028,0.09101573722035478
853.4051999999999,0.8096015153551301,0.09172868762167329
853.6414,0.7985093136890153,0.09772001395235363
853.8776,0.7835429099824196,0.10593721481977589
854.1138000000001,0.7768337891218484,0.10967189263915635
854.3499999999999,0.7751382673762661,0.11062082213557149
854.5862,0.7767254800207586,0.10973244783772998
854.8224,0.766539289001031,0.11546558045858515
855.0586000000001,0.7466261748797908,0.12689678884502753
855.2947999999999,0.7307221053951326,0.1362477544230678
855.531,0.729309962280897,0.1370878539893528
855.7672,0.771087709051974,0.11289621936694247
856.0034,0.8160063932767486,0.08830643860651115
856.2395999999999,0.8721057609220753,0.05943084465495699
856.4757999999999,0.8920364026720832,0.049617422353667014
856.712,0.8883755175931003,0.05140341851699957
856.9482,0.8555596745556366,0.0677496933977131
857.1844000000001,0.828184865900384,0.0818727099795055
857.4205999999999,0.8266765145919749,0.08266440025536778
857.6568,0.8548091294160657,0.06813084819041111
857.893,0.8657216647280337,0.0626217141055506
858.1292000000001,0.8579136458212187,0.06655642430832183
858.3653999999999,0.8139917847759325,0.08937997821213074
858.6016,0.770986000461329,0.1129535077824972
858.8378,0.7437391199434675,0.1285793744507237
859.0740000000001,0.7394127723995068,0.13111305182253102
859.3101999999999,0.74929964707989,0.12534447195453793
859.5464,0.769350655530969,0.11387567183455236
859.7826,0.7794436535539024,0.10821527474724152
860.0188,0.7970212325472367,0.09853010889839829
860.2549999999999,0.8041107176233346,0.09468414933316999
860.4911999999999,0.810066530226504,0.0914793113389955
860.7274,0.8096825426718653,0.09168522431899151
860.9636,0.8054644606253751,0.09395361712532553
861.1998000000001,0.8121731471457152,0.09035137367290633
861.4359999999999,0.8039162311265978,0.09478920281229856
861.6722,0.7934916856104683,0.1004576195233886
861.9084,0.7838555026801359,0.1057639885559178
862.1446000000001,0.7907021945789314,0.10198705582473515
862.3807999999999,0.805440493481809,0.0939665400456654
862.617,0.8119162176610873,0.09048878367110093
862.8532,0.8009761934379434,0.09638039179613835
863.0894000000001,0.780063942996734,0.10786979608845665
863.3255999999999,0.7630780960302204,0.1174310125833245
863.5618,0.7376708812195695,0.1321373595201397
863.798,0.7341344962026464,0.13422436841122407
864.0342,0.7419927517795462,0.129600337143509
864.2703999999999,0.7617204898166955,0.11820436199274985
864.5065999999999,0.7722518289975,0.11224105444434143
864.7428,0.7749513971845511,0.11072553439234303
864.979,0.7871858997260933,0.10392269370018421
865.2152000000001,0.800018168604652,0.09690014996412426
865.4513999999999,0.8103476775579929,0.09132860822209356
865.6876,0.8169160470594031,0.08782257280939001
865.9238,0.8062238158833546,0.09354437691733486
866.1600000000001,0.7871731952977147,0.10392970285477689
866.3961999999999,0.7769418712977455,0.1096114727293127
866.6324,0.781295265353136,0.10718480750565111
866.8686,0.7822538132230361,0.10665231113774674
867.1048000000001,0.7660330972526186,0.11575246581954599
867.3409999999999,0.7615082832228341,0.1183253683116494
867.5772,0.7701614537202672,0.11341822143843053
867.8134,0.773644524656423,0.11145854376457387
868.0496,0.7570650945200963,0.12086677707129964
868.2857999999999,0.7494607426426798,0.12525111091467075
868.5219999999999,0.7676672975889343,0.11482695982193579
868.7582,0.7945501808729172,0.09987866914508639
868.9944,0.7940935640591743,0.10012832381895058
869.2306000000001,0.7803776462947413,0.10769517934656803
869.4667999999999,0.7638248575549101,0.11700621225850175
869.703,0.7609055181121412,0.11866926636999174
869.9392,0.7644362208740318,0.11665874318552252
870.1754000000001,0.7731345397882219,0.11174492418855383
870.4115999999999,0.7739437560632738,0.11129059916064277
870.6478,0.7584206576266986,0.120089846330457
870.884,0.7294524678970519,0.13700300206054952
871.1202000000001,0.7181448084313061,0.14378797475264607
871.3563999999999,0.7250896590477142,0.1396082885708527
871.5926,0.7459045884350307,0.12731672127562732
871.8288,0.7535462501347042,0.12289008699650841
872.065,0.7408007288555963,0.1302985990342648
872.3011999999999,0.7162700051199902,0.1449232351929407
872.5373999999999,0.696210514869788,0.15725942185115244
872.7736,0.6930217882290429,0.15925311119065477
873.0098,0.7034946599972968,0.1527391948070738
873.2460000000001,0.7291139095132282,0.13720461652639018
873.4821999999999,0.7555939439413246,0.12171153159113164
873.7184,0.7790268887574042,0.1084475520354819
873.9546,0.7868231938120585,0.10412284652071596
874.1908000000001,0.7759109727100465,0.11018810642070284
874.4269999999999,0.7486361607272269,0.12572919936291135
874.6632,0.729105005880419,0.13720991998056586
874.8994,0.7276528211021732,0.13807578255994873
875.1356000000001,0.7566353659285057,0.12111336319046134
875.3717999999999,0.788655963223477,0.10311240852478167
875.608,0.8163375515273713,0.0881302254949141
875.8442,0.8203505145760678,0.08600054515244754
876.0804,0.7966649062422231,0.09872431344951602
876.3165999999999,0.7756055947535864,0.11035906684211164
876.5527999999999,0.7579206451725529,0.12037626292702164
876.789,0.7570875353433318,0.12085390396259307
877.0252,0.7466399117315824,0.12688879852235768
877.2614000000001,0.7395614668525151,0.13102572483746955
877.4975999999999,0.739094131373623,0.1313002461346288
877.7338,0.7440270973205113,0.12841124724649797
877.97,0.7554846144091402,0.12177437572634517
878.2062000000001,0.7664326525141171,0.11552600118339656
878.4423999999999,0.7725929996908605,0.11204923122796286
878.6786,0.7539602636952608,0.12265154234326302
878.9148,0.7405166618649772,0.13046516526619029
879.1510000000001,0.7382759161014489,0.13178129881963932
879.3871999999999,0.7430337084952594,0.12899148357265042
879.6234,0.7225038692282879,0.1411598227859541
879.8596,0.7025465371256628,0.15332490252967879
880.0958,0.7200722520552127,0.14262392427072532
880.3319999999999,0.7561428384326732,0.12139615676927809
880.5681999999999,0.7754756206215832,0.11043185097216458
880.8044,0.7535856585092585,0.12286737519601444
881.0406,0.7398749950774397,0.13084164990955208
881.2768000000001,0.7542222450528823,0.12250066264738943
881.5129999999999,0.7825984631858894,0.10646100927273103
881.7492,0.8018665703275536,0.09589789180488803
881.9854,0.8068853053089334,0.09318819366885527
882.2216000000001,0.7956538968835586,0.09927580583126881
882.4577999999999,0.782279979088032,0.1066377845217812
882.694,0.7642082514514791,0.11678827737713307
882.9302,0.7483313380454932,0.12590606734511423
883.1664000000001,0.7253184586123683,0.13947127004757567
883.4025999999999,0.7118136934466399,0.14763366155398902
883.6388,0.7238140745744845,0.14037297628362982
883.875,0.7515783316990942,0.12402574927290562
884.1112,0.7803095822228506,0.10773305990369259
884.3473999999999,0.7670625575340692,0.11516921586332286
884.5835999999999,0.7481804712930825,0.12599363177045017
884.8198,0.7257831729987042,0.1391931049678186
885.056,0.7121361579532471,0.14743696283164923
885.2922000000001,0.7008301604144567,0.15438721645795853
885.5283999999999,0.701906448697252,0.153720767531131
885.7646,0.7186163885942077,0.14350288260190894
886.0008,0.7431522671770847,0.12892219294247287
886.2370000000001,0.7394029305210656,0.13111883249349654
886.4731999999999,0.7337692960669042,0.13444046487183786
886.7094,0.7177609180483238,0.1440201926147002
886.9456,0.705733685598304,0.1513591526235173
887.1818000000001,0.6882708241097976,0.1622406398559382
887.4179999999999,0.6804287184056179,0.1672173646922121
887.6542,0.6965210316754765,0.15706576538114891
887.8904,0.7001424385699825,0.15481359713998846
888.1266,0.6926390269449884,0.15949304164976674
888.3627999999999,0.6732123220921089,0.17184794354643143
888.5989999999999,0.6699958449392905,0.17392789062086544
888.8352,0.6765326068553669,0.16971126686222798
889.0714,0.6909218954705284,0.1605710442080516
889.3076000000001,0.7126221143184464,0.14714070460996592
889.5437999999999,0.7268961071215322,0.13852765699255543
889.78,0.7277434511675444,0.13802169400951605
890.0162,0.7277610623651177,0.1380111843259595
890.2524000000001,0.7297305899014982,0.13683744798199296
890.4885999999999,0.7281129474367439,0.1378012461763416
890.7248,0.7222519933096254,0.14131125089300536
890.961,0.7306660522374556,0.13628107011261567
891.1972000000001,0.7438423645320204,0.1285190906200431
891.4333999999999,0.745388544866215,0.1276172857700236
891.6696,0.7192962820840801,0.1430921844851739
891.9058,0.692920797968357,0.1593164031530438
892.142,0.665499423925458,0.17685231612635044
892.3781999999999,0.6516198532550964,0.18600569227668529
892.6143999999999,0.6487046528888165,0.18795298704481417
892.8506,0.6557887262233913,0.18323605363349757
893.0868,0.6747071896820922,0.17088466197658198
893.3230000000001,0.703713482535295,0.15260412819018562
893.5591999999999,0.7364089338873242,0.13288095140861003
893.7954,0.7581720552211937,0.12023222688253411
894.0316,0.7567781151724778,0.1210314355349845
894.2678000000001,0.7500040533748406,0.12493638947020738
894.5039999999999,0.737140803441636,0.13244954834566017
894.7402,0.7217026019568573,0.14164172893602425
894.9764,0.7145425520373219,0.14597190324147424
895.2126000000001,0.7214583559392979,0.14178873221807026
